0.0 1.0
0.01 1.0
0.02 0.9667605914048583
0.03 0.9334245067505761
0.04 0.8999950796456185
0.05 0.8664756530326965
0.06 0.8328695788544715
0.07 0.7991802177183608
0.08 0.765410938560478
0.09 0.7315651183087395
0.1 0.6976461415451699
0.11 0.6636574001674458
0.12 0.6296022930497049
0.13 0.5954842257026591
0.14 0.5613066099330432
0.15 0.527072863502434
0.16 0.49278640978547444
0.17 0.4584506774275364
0.18 0.4240691000018557
0.19 0.3896451156661749
0.2 0.3551821668189274
0.21 0.320683699754998
0.22 0.2861531643210932
0.23 0.2515940135707563
0.24 0.21700970341906234
0.25 0.18240369229702635
0.26 0.14777944080576078
0.27 0.11314041137041453
0.28 0.07849006789393115
0.29 0.04383187541065847
0.3 0.009169299739844816
0.31 -0.0254941928609429
0.32 -0.060155136042444546
0.33 -0.09481006371034201
0.34 -0.1294555103718683
0.35000000000000003 -0.16408801148235747
0.36 -0.1987041037916984
0.37 -0.23330032569066006
0.38 -0.2678732175570528
0.39 -0.3024193221016897
0.4 -0.33693518471411643
0.41000000000000003 -0.37141735380807195
0.42 -0.4058623811666465
0.43 -0.4402668222871044
0.44 -0.47462723672533363
0.45 -0.5089401884398903
0.46 -0.543202246135603
0.47000000000000003 -0.5774099836067021
0.48 -0.6115599800794406
0.49 -0.645648820554171
0.5 -0.679673096146846
0.51 -0.7136294044299064
0.52 -0.7475143497725238
0.53 -0.7813245436801641
0.54 -0.8150566051334364
0.55 -0.8487071609261952
0.56 -0.8822728460028614
0.5700000000000001 -0.9157503037949273
0.58 -0.9491361865566138
0.59 -0.9824271556996447
0.6 -1.0156198821271054
0.61 -1.0487110465663536
0.62 -1.081697339900945
0.63 -1.1145754635015466
0.64 -1.1473421295557977
0.65 -1.1799940613970932
0.66 -1.2125279938322489
0.67 -1.2449406734680215
0.68 -1.2772288590364473
0.6900000000000001 -1.3093893217189694
0.7000000000000001 -1.3414188454693199
0.71 -1.373314227335123
0.72 -1.405072277778193
0.73 -1.436689820993485
0.74 -1.4681636952266781
0.75 -1.4994907530903483
0.76 -1.5306678618787095
0.77 -1.5616919038808827
0.78 -1.5925597766926682
0.79 -1.6232683935267844
0.8 -1.6538146835215481
0.81 -1.6841955920479597
0.8200000000000001 -1.7144080810151663
0.8300000000000001 -1.7444491291742716
0.84 -1.7743157324204595
0.85 -1.804004904093405
0.86 -1.8335136752759413
0.87 -1.86283909509095
0.88 -1.8919782309964495
0.89 -1.9209281690788491
0.9 -1.949686014344341
0.91 -1.9782488910083988
0.92 -2.006613942783356
0.93 -2.0347783331640343
0.9400000000000001 -2.062739245711396
0.9500000000000001 -2.090493884334187
0.96 -2.118039473568545
0.97 -2.145373258855545
0.98 -2.1724925068166603
0.99 -2.199394505527094
1.0 -2.2260765647869754
1.01 -2.252536016390377
1.02 -2.2787702143921407
1.03 -2.3047765353724645
1.04 -2.3305523786992515
1.05 -2.356095166788169
1.06 -2.3814023453604065
1.07 -2.4064713836981086
1.08 -2.431299774897441
1.09 -2.4558850361192834
1.1 -2.480224708837514
1.11 -2.5043163590848607
1.12 -2.528157577696299
1.1300000000000001 -2.551745980549968
1.1400000000000001 -2.5750792088055814
1.1500000000000001 -2.598154929140315
1.16 -2.620970833982134
1.17 -2.6435246417405542
1.18 -2.6658140970348008
1.19 -2.6878369709193435
1.2 -2.7095910611067944
1.21 -2.7310741921881347
1.22 -2.7522842158502563
1.23 -2.7732190110907924
1.24 -2.7938764844302195
1.25 -2.8142545701212036
1.26 -2.834351230355176
1.27 -2.8541644554661127
1.28 -2.8736922641315035
1.29 -2.892932703570481
1.3 -2.911883849739101
1.31 -2.9305438075227475
1.32 -2.948910710925642
1.33 -2.966982723257444
1.34 -2.98475803731692
1.35 -3.0022348755726647
1.36 -3.0194114903408518
1.37 -3.0362861639600043
1.3800000000000001 -3.0528572089627612
1.3900000000000001 -3.069122968244622
1.4000000000000001 -3.0850818152296577
1.41 -3.100732154033171
1.42 -3.116072419621281
1.43 -3.131101077967428
1.44 -3.1458166262057796
1.45 -3.1602175927815104
1.46 -3.1743025375979634
1.47 -3.188070052160656
1.48 -3.201518759718133
1.49 -3.2146473153996373
1.5 -3.227454406349602
1.51 -3.239938751858932
1.52 -3.2520991034930753
1.53 -3.26393424521687
1.54 -3.275442993516142
1.55 -3.286624197516063
1.56 -3.2974767390962323
1.57 -3.3079995330024916
1.58 -3.3181915269554505
1.59 -3.328051701755714
1.6 -3.337579071385801
1.61 -3.3467726831087505
1.62 -3.3556316175633887
1.6300000000000001 -3.3641549888562703
1.6400000000000001 -3.372341944650266
1.6500000000000001 -3.3801916662497966
1.6600000000000001 -3.3877033686827023
1.67 -3.394876300778739
1.68 -3.4017097452446987
1.69 -3.408203018736134
1.7 -3.4143554719256954
1.71 -3.4201664895680643
1.72 -3.4256354905614765
1.73 -3.430761928005833
1.74 -3.4355452892573877
1.75 -3.439985095980017
1.76 -3.444080904193049
1.77 -3.447832304315661
1.78 -3.451238921207842
1.79 -3.4543004142079026
1.8 -3.457016477166542
1.81 -3.4593868384774655
1.82 -3.4614112611045407
1.83 -3.4630895426055055
1.84 -3.4644215151522104
1.85 -3.465407045547399
1.86 -3.4660460352380333
1.87 -3.466338420325144
1.8800000000000001 -3.4662841715702206
1.8900000000000001 -3.4658832943981412
1.9000000000000001 -3.4651358288966216
1.9100000000000001 -3.4640418498122125
1.92 -3.4626014665428224
1.93 -3.4608148231267784
1.94 -3.4586820982284214
1.95 -3.456203505120242
1.96 -3.453379291661551
1.97 -3.450209740273694
1.98 -3.446695167911809
1.99 -3.4428359260331325
2.0 -3.438632400561854
2.0100000000000002 -3.4340850118505193
2.02 -3.4291942146379997
2.0300000000000002 -3.423960498004017
2.04 -3.418384385320233
2.05 -3.412466434197918
2.06 -3.4062072364321825
2.07 -3.3996074179428044
2.08 -3.3926676387116315
2.09 -3.3853885927165877
2.1 -3.3777710078622727
2.11 -3.3698156459071713
2.12 -3.3615233023874795
2.13 -3.352894806537548
2.14 -3.343931021206962
2.15 -3.334632842774256
2.16 -3.3250012010572734
2.17 -3.3150370592201845
2.18 -3.304741413677175
2.19 -3.294115293992798
2.2 -3.283159762779021
2.21 -3.271875915588967
2.22 -3.2602648808073535
2.23 -3.2483278195376593
2.24 -3.2360659254860105
2.25 -3.2234804248418136
2.2600000000000002 -3.2105725761551334
2.27 -3.197343670210836
2.2800000000000002 -3.1837950298995192
2.29 -3.1699280100852123
2.3000000000000003 -3.155743997469896
2.31 -3.141244410454833
2.32 -3.1264306989987247
2.33 -3.1113043444727158
2.34 -3.0958668595122605
2.35 -3.0801197878658533
2.36 -3.0640647042406592
2.37 -3.0477032141450415
2.38 -3.0310369537280093
2.39 -3.0140675896156037
2.4 -2.9967968187442366
2.41 -2.9792263681909956
2.42 -2.9613579950009354
2.43 -2.9431934860113746
2.44 -2.9247346576732127
2.45 -2.9059833558692834
2.46 -2.886941455729767
2.47 -2.8676108614446774
2.48 -2.8479935060734434
2.49 -2.8280913513516017
2.5 -2.807906387494625
2.5100000000000002 -2.787440632998899
2.52 -2.7666961344398735
2.5300000000000002 -2.745674966267403
2.54 -2.7243792305983066
2.5500000000000003 -2.7028110570061497
2.56 -2.6809726023082923
2.57 -2.6588660503502037
2.58 -2.6364936117870803
2.59 -2.6138575238627784
2.6 -2.5909600501860903
2.61 -2.5678034805043835
2.62 -2.5443901304746257
2.63 -2.5207223414318207
2.64 -2.496802480154872
2.65 -2.4726329386299084
2.66 -2.4482161338110817
2.67 -2.4235545073788742
2.68 -2.3986505254959285
2.69 -2.373506678560433
2.7 -2.3481254809570817
2.71 -2.322509470805635
2.72 -2.296661209707107
2.73 -2.2705832824876087
2.74 -2.2442782969398616
2.75 -2.2177488835624204
2.7600000000000002 -2.1909976952966224
2.77 -2.164027407261295
2.7800000000000002 -2.136840716485241
2.79 -2.1094403416375394
2.8000000000000003 -2.081829022755674
2.81 -2.054009520971533
2.82 -2.025984618235295
2.83 -1.9977571170372332
2.84 -1.9693298401274677
2.85 -1.9407056302336896
2.86 -1.911887349776888
2.87 -1.8828778805851085
2.88 -1.8536801236052707
2.89 -1.8242969986130722
2.9 -1.7947314439210125
2.91 -1.7649864160845605
2.92 -1.7350648896065
2.93 -1.704969856639479
2.94 -1.674704326686794
2.95 -1.6442713263014408
2.96 -1.6136738987834573
2.97 -1.5829151038755953
2.98 -1.551998017457346
2.99 -1.5209257312373508
3.0 -1.4897013524442326
3.0100000000000002 -1.4583280035158697
3.02 -1.426808821787155
3.0300000000000002 -1.3951469591762617
3.04 -1.3633455818694507
3.0500000000000003 -1.331407870004452
3.06 -1.2993370173524534
3.0700000000000003 -1.2671362309987193
3.08 -1.2348087310218854
3.09 -1.2023577501719493
3.1 -1.169786533546996
3.11 -1.1370983382686877
3.12 -1.1042964331565528
3.13 -1.0713840984011023
3.14 -1.0383646252358116
3.15 -1.0052413156079976
3.16 -0.9720174818486234
3.17 -0.9386964463410644
3.18 -0.9052815411888714
3.19 -0.8717761078825595
3.2 -0.8381834969654596
3.21 -0.804507067698663
3.22 -0.7707501877250964
3.23 -0.7369162327327574
3.24 -0.7030085861171451
3.25 -0.669030638642921
3.2600000000000002 -0.6349857881048327
3.27 -0.600877438987934
3.2800000000000002 -0.5667090021271366
3.29 -0.5324838943661264
3.3000000000000003 -0.49820553821567953
3.31 -0.4638773615114112
3.3200000000000003 -0.4295027970709918
3.33 -0.3950852823508652
3.34 -0.3606282591025036
3.35 -0.3261351730282316
3.36 -0.29160947343665694
3.37 -0.25705461289773857
3.38 -0.22247404689753042
3.39 -0.18787123349263246
3.4 -0.1532496329643852
3.41 -0.11861270747284164
3.42 -0.0839639207105507
3.43 -0.04930673755618886
3.44 -0.014644623728071293
3.45 0.02001895456241909
3.46 0.05468053095745318
3.47 0.08933663929939151
3.48 0.12398381397739999
3.49 0.1586185902740107
3.5 0.193237504711594
3.5100000000000002 0.22783709539870617
3.52 0.2624139023762785
3.5300000000000002 0.29696446796361314
3.54 0.3314853371041513
3.5500000000000003 0.3659730577109791
3.56 0.40042418101203575
3.5700000000000003 0.4348352618949912
3.58 0.46920285925175725
3.59 0.5035235363225982
3.6 0.5377938610398069
3.61 0.5720104063709115
3.62 0.6061697506613791
3.63 0.6402684779767805
3.64 0.6743031784443843
3.65 0.7082704485941436
3.66 0.7421668916990433
3.67 0.7759891181147731
3.68 0.8097337456186916
3.69 0.843397399748048
3.7 0.8769767141374296
3.71 0.9104683308553975
3.72 0.9438689007402797
3.73 0.977175083735088
3.74 1.0103835492215227
3.75 1.0434909763530353
3.7600000000000002 1.0764940543869128
3.77 1.1093894830153517
3.7800000000000002 1.1421739726954887
3.79 1.174844244978356
3.8000000000000003 1.2073970328367258
3.81 1.2398290809918118
3.8200000000000003 1.2721371462387987
3.83 1.3043179977711614
3.84 1.3363684175037474
3.85 1.3682852003945825
3.86 1.400065154765378
3.87 1.4317051026206968
3.88 1.4632018799657538
3.89 1.4945523371228142
3.9 1.5257533390461622
3.91 1.5568017656356057
3.92 1.5876945120484858
3.93 1.618428489010161
3.94 1.649000623122935
3.95 1.679407857173397
3.96 1.7096471504381416
3.97 1.7397154789878426
3.98 1.7696098359896446
3.99 1.7993272320078477
4.0 1.8288646953028502
4.01 1.8582192721283222
4.0200000000000005 1.8873880270265817
4.03 1.9163680431221386
4.04 1.9451564224133833
4.05 1.9737502860623868
4.0600000000000005 2.0021467746827843
4.07 2.0303430486257135
4.08 2.05833628826378
4.09 2.08612369427302
4.1 2.1137024879128328
4.11 2.1410699113038545
4.12 2.168223227703746
4.13 2.1951597217808665
4.14 2.2218766998858093
4.15 2.2483714903207637
4.16 2.274641443606686
4.17 2.3006839327482473
4.18 2.326496353496534
4.19 2.352076124609471
4.2 2.3774206881099467
4.21 2.4025275095416116
4.22 2.4273940782223216
4.23 2.45201790749521
4.24 2.476396534977349
4.25 2.50052752280599
4.26 2.524408457882351
4.2700000000000005 2.5480369521129234
4.28 2.5714106426482846
4.29 2.5945271921193807
4.3 2.617384288871265
4.3100000000000005 2.639979647194263
4.32 2.6623110075525407
4.33 2.684376136810063
4.34 2.706172828453905
4.3500000000000005 2.727698902814901
4.36 2.7489522072856154
4.37 2.769930616535601
4.38 2.7906320327239333
4.39 2.811054385708993
4.4 2.8311956332554815
4.41 2.851053761238645
4.42 2.870626783845684
4.43 2.8899127437743393
4.44 2.9089097124286165
4.45 2.9276157901116506
4.46 2.946029106215674
4.47 2.9641478194090753
4.48 2.981970117820536
4.49 2.999494219220214
4.5 3.01671837119797
4.51 3.0336408513386073
4.5200000000000005 3.0502599673941098
4.53 3.066574057452873
4.54 3.0825814901058903
4.55 3.0982806646098973
4.5600000000000005 3.1136700110474433
4.57 3.1287479904838844
4.58 3.1435130951212766
4.59 3.157963848449157
4.6000000000000005 3.1720988053921917
4.61 3.1859165524546875
4.62 3.1994157078619376
4.63 3.2125949216984018
4.64 3.225452876042696
4.65 3.2379882850993855
4.66 3.2501998953275653
4.67 3.262086485566213
4.68 3.2736468671563035
4.69 3.284879884059678
4.7 3.2957844129746467
4.71 3.3063593634483173
4.72 3.3166036779856425
4.73 3.326516332155169
4.74 3.3360963346914803
4.75 3.3453427275943226
4.76 3.3542545862244055
4.7700000000000005 3.3628310193958657
4.78 3.371071169465386
4.79 3.37897421241796
4.8 3.3865393579492924
4.8100000000000005 3.3937658495448293
4.82 3.4006529645554124
4.83 3.40720001426954
4.84 3.4134063439822393
4.8500000000000005 3.4192713330605407
4.86 3.4247943950055357
4.87 3.42997497751103
4.88 3.434812562518773
4.89 3.439306666270264
4.9 3.443456839355128
4.91 3.447262666756056
4.92 3.4507237678903087
4.93 3.453839796647772
4.94 3.456610441425571
4.95 3.4590354251592275
4.96 3.461114505350368
4.97 3.4628474740909745
4.98 3.464234158084171
4.99 3.4652744186615587
5.0 3.465968151797081
5.01 3.466315288117422
5.0200000000000005 3.4663157929089516
5.03 3.4659696661211905
5.04 3.4652769423668177
5.05 3.4642376909182078
5.0600000000000005 3.4628520157005056
5.07 3.461120055281233
5.08 3.459041982856433
5.09 3.456618006233348
5.1000000000000005 3.4538483678096386
5.11 3.450733344549149
5.12 3.447273247954204
5.13 3.443468424034464
5.14 3.4393192532723207
5.15 3.4348261505848496
5.16 3.4299895652823205
5.17 3.424809981023263
5.18 3.4192879157661027
5.19 3.4134239217173654
5.2 3.407218585276457
5.21 3.4006725269770213
5.22 3.393786401424888
5.23 3.386560897232612
5.24 3.3789967369506133
5.25 3.3710946769949195
5.26 3.3628555075715267
5.2700000000000005 3.3542800525973764
5.28 3.345369169617967
5.29 3.3361237497215956
5.3 3.326544717450252
5.3100000000000005 3.3166330307071625
5.32 3.306389680661003
5.33 3.295815691646777
5.34 3.2849121210633854
5.3500000000000005 3.2736800592678876
5.36 3.262120629466463
5.37 3.2502349876020915
5.38 3.2380243222389593
5.39 3.2254898544436035
5.4 3.212632837662804
5.41 3.199454557598238
5.42 3.1859563320779127
5.43 3.1721395109243797
5.44 3.158005475819754
5.45 3.143555640167546
5.46 3.1287914489513216
5.47 3.113714378590202
5.48 3.098325936791224
5.49 3.0826276623985667
5.5 3.06662112523967
5.51 3.0503079259682484
5.5200000000000005 3.0336896959042305
5.53 3.0167680968706216
5.54 2.9995448210273254
5.55 2.982021590701927
5.5600000000000005 2.9642001582174573
5.57 2.9460823057171663
5.58 2.927669844986304
5.59 2.908964617270943
5.6000000000000005 2.8899684930938543
5.61 2.8706833720674565
5.62 2.8511111827038524
5.63 2.8312538822219784
5.64 2.8111134563518814
5.65 2.7906919191361497
5.66 2.7699913127285036
5.67 2.749013707189585
5.68 2.7277612002799474
5.69 2.7062359172502815
5.7 2.6844400106288915
5.71 2.6623756600064383
5.72 2.640045071817985
5.73 2.6174504791223496
5.74 2.5945941413788027
5.75 2.5714783442211173
5.76 2.5481053992290095
5.7700000000000005 2.5244776436969785
5.78 2.500597440400578
5.79 2.476467177360138
5.8 2.4520892676019614
5.8100000000000005 2.4274661489170244
5.82 2.4026002836171965
5.83 2.3774941582890063
5.84 2.3521502835449875
5.8500000000000005 2.3265711937726143
5.86 2.300759446880864
5.87 2.274717624044426
5.88 2.2484483294455826
5.89 2.2219541900137947
5.9 2.195237855163006
5.91 2.1683019965267003
5.92 2.141149307690742
5.93 2.113782503924015
5.94 2.0862043219068953
5.95 2.0584175194575853
5.96 2.0304248752563296
5.97 2.002229188567548
5.98 1.9738332789599098
5.99 1.9452399860243759
6.0 1.9164521690902392
6.01 1.8874727069391937
6.0200000000000005 1.8583044975174547
6.03 1.8289504576459636
6.04 1.7994135227287082
6.05 1.7696966464591801
6.0600000000000005 1.7398028005250064
6.07 1.70973497431078
6.08 1.6794961745991221
6.09 1.6490894252700043
6.1000000000000005 1.6185177669983595
6.11 1.5877842569500147
6.12 1.556891968475975
6.13 1.525843990805088
6.140000000000001 1.49464342873512
6.15 1.4632934023222786
6.16 1.4317970465692047
6.17 1.400157511111474
6.18 1.3683779599026318
6.19 1.3364615708977994
6.2 1.3044115357358772
6.21 1.2722310594203816
6.22 1.2399233599989439
6.23 1.2074916682415062
6.24 1.1749392273172445
6.25 1.142269292470251
6.26 1.1094851306940108
6.2700000000000005 1.076590020404701
6.28 1.0435872511133504
6.29 1.0104801230968885
6.3 0.9772719470681172
6.3100000000000005 0.943966043844639
6.32 0.9105657440167764
6.33 0.8770743876145122
6.34 0.8434953237734863
6.3500000000000005 0.8098319104000832
6.36 0.77608751383564
6.37 0.7422655085198133
6.38 0.7083692766531348
6.390000000000001 0.6744022078587908
6.4 0.6403676988436611
6.41 0.6062691530586468
6.42 0.5721099803583268
6.43 0.5378935966599708
6.44 0.503623423601949
6.45 0.4693028882015667
6.46 0.43493542251236433
6.47 0.4005244632809108
6.48 0.3660734516031291
6.49 0.3315858325801872
6.5 0.2970650549739871
6.51 0.26251457086228963
6.5200000000000005 0.22793783529350603
6.53 0.1933383059411931
6.54 0.15871944275828598
6.55 0.12408470763110313
6.5600000000000005 0.08943756403315711
6.57 0.05478147667880778
6.58 0.020119911176790573
6.59 -0.014543666316344184
6.6000000000000005 -0.049205789442847536
6.61 -0.08386299199040648
6.62 -0.11851180823876639
6.63 -0.15314877330630233
6.640000000000001 -0.1877704234965078
6.65 -0.22237329664436362
6.66 -0.25695393246255493
6.67 -0.2915088728875
6.68 -0.3260346624251563
6.69 -0.3605278484965701
6.7 -0.39498498178313435
6.71 -0.42940261657152023
6.72 -0.46377731109824893
6.73 -0.49810562789386775
6.74 -0.5323841341266972
6.75 -0.5666094019461139
6.76 -0.6007780088253359
6.7700000000000005 -0.6348865379036756
6.78 -0.6689315783282248
6.79 -0.7029097255949414
6.8 -0.7368175818890983
6.8100000000000005 -0.7706517564250663
6.82 -0.8044088657853918
6.83 -0.8380855342591389
6.84 -0.87167839417946
6.8500000000000005 -0.9051840862603633
6.86 -0.9385992599326405
6.87 -0.9719205736789245
6.88 -1.0051446953678407
6.890000000000001 -1.0382683025872201
6.9 -1.071288082976341
6.91 -1.1042007345571643
6.92 -1.1370029660645318
6.93 -1.1696914972752925
6.94 -1.202263059336326
6.95 -1.2347143950914257
6.96 -1.2670422594070163
6.97 -1.2992434194966658
6.98 -1.3313146552443655
6.99 -1.363252759526541
7.0 -1.3950545385327635
7.01 -1.426716812085133
7.0200000000000005 -1.4582364139562936
7.03 -1.4896101921860587
7.04 -1.5208350093966052
7.05 -1.5519077431062123
7.0600000000000005 -1.5828252860415084
7.07 -1.6135845464482006
7.08 -1.644182448400248
7.09 -1.6746159321074554
7.1000000000000005 -1.704881954221452
7.11 -1.7349774881400266
7.12 -1.764899524309787
7.13 -1.7946450705271166
7.140000000000001 -1.8242111522373934
7.15 -1.8535948128324466
7.16 -1.8827931139462166
7.17 -1.911803135748592
7.18 -1.9406219772373925
7.19 -1.9692467565284693
7.2 -1.9976746111438932
7.21 -2.0259026982982027
7.22 -2.0539281951826824
7.23 -2.0817482992476437
7.24 -2.109360228482681
7.25 -2.1367612216948695
7.26 -2.163948538784889
7.2700000000000005 -2.1909194610210294
7.28 -2.217671291311068
7.29 -2.2442013544719757
7.3 -2.2705069974974363
7.3100000000000005 -2.296585589823147
7.32 -2.322434523589876
7.33 -2.3480512139042453
7.34 -2.373433099097225
7.3500000000000005 -2.3985776409802946
7.36 -2.4234823250992665
7.37 -2.4481446609857285
7.38 -2.472562182406092
7.390000000000001 -2.4967324476082147
7.4 -2.520653039565577
7.41 -2.5443215662189824
7.42 -2.567735660715766
7.43 -2.590892981646478
7.44 -2.613791213279026
7.45 -2.6364280657902457
7.46 -2.658801275494886
7.47 -2.680908605071978
7.48 -2.702747843788562
7.49 -2.7243168077207676
7.5 -2.745613339972201
7.51 -2.7666353108896367
7.5200000000000005 -2.787380618275984
7.53 -2.807847187600503
7.54 -2.8280329722062625
7.55 -2.847935953514802
7.5600000000000005 -2.8675541412279895
7.57 -2.8868855735270538
7.58 -2.9059283172687658
7.59 -2.924680468178751
7.6000000000000005 -2.943140151041918
7.61 -2.961305519889982
7.62 -2.9791747581860566
7.63 -2.9967460790063125
7.640000000000001 -3.014017725218668
7.65 -3.0309879696585016
7.66 -3.047655115301369
7.67 -3.064017495432706
7.68 -3.0800734738144993
7.69 -3.0958214448489114
7.7 -3.1112598337388393
7.71 -3.1263870966453933
7.72 -3.1412017208422824
7.73 -3.1557022248670874
7.74 -3.1698871586694057
7.75 -3.183755103755857
7.76 -3.1973046733319324
7.7700000000000005 -3.2105345124406743
7.78 -3.2234432980981724
7.79 -3.2360297394258613
7.8 -3.2482925777796066
7.8100000000000005 -3.2602305868755748
7.82 -3.271842572912855
7.83 -3.283127374692844
7.84 -3.294083863735364
7.8500000000000005 -3.304710944391511
7.86 -3.315007553953218
7.87 -3.3249726627595306
7.88 -3.3346052742995678
7.890000000000001 -3.343904425312174
7.9 -3.35286918588225
7.91 -3.361498659533738
7.92 -3.3697919833192724
7.930000000000001 -3.377748327906474
7.94 -3.3853668976608855
7.95 -3.3926469307255305
7.96 -3.3995876990971023
7.97 -3.4061885086987647
7.98 -3.412448699449557
7.99 -3.418367645330404
8.0 -3.423944754446719
8.01 -3.4291794690875887
8.02 -3.434071265781549
8.03 -3.4386196553489325
8.040000000000001 -3.4428241829507806
8.05 -3.4466844281343345
8.06 -3.450200004875075
8.07 -3.453370561615327
8.08 -3.4561957812994177
8.09 -3.458675381405379
8.1 -3.460809113973199
8.11 -3.4625967656296224
8.120000000000001 -3.4640381576094823
8.13 -3.465133145773581
8.14 -3.4658816206231027
8.15 -3.4662835073105613
8.16 -3.46633876564729
8.17 -3.4660473901074527
8.18 -3.465409409828605
8.19 -3.464424888608774
8.2 -3.4630939249000816
8.21 -3.461416651798899
8.22 -3.459393237032537
8.23 -3.4570238829424724
8.24 -3.4543088264641133
8.25 -3.451248339103108
8.26 -3.4478427269081924
8.27 -3.4440923304405864
8.28 -3.439997524739936
8.290000000000001 -3.435558719286812
8.3 -3.4307763579617587
8.31 -3.4256509190009097
8.32 -3.4201829149481604
8.33 -3.414372892603916
8.34 -3.408221432970411
8.35 -3.401729151193609
8.36 -3.3948966965016885
8.370000000000001 -3.3877247521401177
8.38 -3.3802140353033323
8.39 -3.3723652970630162
8.4 -3.364179322292995
8.41 -3.3556569295907446
8.42 -3.3467989711955353
8.43 -3.337606332903207
8.44 -3.3280799339775884
8.45 -3.3182207270585717
8.46 -3.3080296980668495
8.47 -3.2975078661053208
8.48 -3.286656283357181
8.49 -3.275476034980705
8.5 -3.2639682390007314
8.51 -3.2521340461968578
8.52 -3.2399746399883638
8.53 -3.2274912363158714
8.540000000000001 -3.214685083519748
8.55 -3.2015574622152707
8.56 -3.188109685164573
8.57 -3.174343097145359
8.58 -3.1602590748164294
8.59 -3.145859026580018
8.6 -3.1311443924409486
8.61 -3.116116643862635
8.620000000000001 -3.100777283619936
8.63 -3.085127845648875
8.64 -3.0691698948932484
8.65 -3.0529050271481335
8.66 -3.0363348689003034
8.67 -3.019461077165584
8.68 -3.002285339323147
8.69 -2.9848093729467777
8.700000000000001 -2.9670349256331137
8.71 -2.9489637748268867
8.72 -2.930597727643177
8.73 -2.911938620686703
8.74 -2.8929883198681603
8.75 -2.8737487202176313
8.76 -2.85422174569508
8.77 -2.8344093489979594
8.78 -2.814313511365939
8.790000000000001 -2.793936242382782
8.8 -2.773279579775387
8.81 -2.752345589210014
8.82 -2.7311363640857196
8.83 -2.7096540253250163
8.84 -2.687900721161781
8.85 -2.665878626926429
8.86 -2.643589944828385
8.870000000000001 -2.6210369037358587
8.88 -2.5982217589529584
8.89 -2.5751467919941633
8.9 -2.551814310356169
8.91 -2.5282266472871395
8.92 -2.5043861615533802
8.93 -2.4802952372034657
8.94 -2.455956283329831
8.950000000000001 -2.4313717338278638
8.96 -2.406544047152514
8.97 -2.381475706072449
8.98 -2.356169217421777
8.99 -2.330627111849363
9.0 -2.3048519435657635
9.01 -2.2788462900878077
9.02 -2.252612751980843
9.03 -2.2261539525986804
9.040000000000001 -2.1994725378212574
9.05 -2.1725711757900523
9.06 -2.1454525566412683
9.07 -2.11811939223682
9.08 -2.090574415893148
9.09 -2.062820382107887
9.1 -2.0348600662844154
9.11 -2.006696264454315
9.120000000000001 -1.9783317929977695
9.13 -1.949769488361924
9.14 -1.9210122067772422
9.15 -1.8920628239718824
9.16 -1.8629242348841255
9.17 -1.8335993533728803
9.18 -1.804091111926298
9.19 -1.7744024613685228
9.200000000000001 -1.7445363705646106
9.21 -1.714495826123642
9.22 -1.6842838321000613
9.23 -1.653903409693271
9.24 -1.6233575969455112
9.25 -1.5926494484380567
9.26 -1.5617820349857585
9.27 -1.530758443329962
9.28 -1.4995817758298324
9.290000000000001 -1.4682551501521202
9.3 -1.4367816989593925
9.31 -1.405164569596769
9.32 -1.3734069237771855
9.33 -1.3415119372652244
9.34 -1.3094827995595368
9.35 -1.2773227135738932
9.36 -1.2450348953168922
9.370000000000001 -1.2126225735703593
9.38 -1.1800889895664697
9.39 -1.1474373966636233
9.4 -1.1146710600211107
9.41 -1.0817932562725956
9.42 -1.0488072731984535
9.43 -1.0157164093969913
9.44 -0.9825239739545892
9.450000000000001 -0.9492332861147913
9.46 -0.9158476749463822
9.47 -0.8823704790104782
9.48 -0.8488050460266733
9.49 -0.8151547325382656
9.5 -0.7814229035766042
9.51 -0.7476129323245851
9.52 -0.7137281997793339
9.53 -0.6797720944141044
9.540000000000001 -0.6457480118394336
9.55 -0.6116593544635791
9.56 -0.5775095311522781
9.57 -0.5433019568878619
9.58 -0.5090400524277569
9.59 -0.47472724396240906
9.6 -0.44036696277266496
9.61 -0.40596264488664363
9.620000000000001 -0.3715177307361337
9.63 -0.33703566481255004
9.64 -0.30251989532248524
9.65 -0.2679738738428882
9.66 -0.2334010549759068
9.67 -0.1988048960034277
9.68 -0.16418885654134835
9.69 -0.12955639819361497
9.700000000000001 -0.09491098420606209
9.71 -0.06025607912008879
9.72 -0.025595148426203362
9.73 0.009068341782524691
9.74 0.04373092515707455
9.75 0.07838913543910864
9.76 0.11303950680759883
9.77 0.1476785742254082
9.78 0.18230287378579502
9.790000000000001 0.21690894305880326
9.8 0.25149332143750563
9.81 0.28605255048406436
9.82 0.32058317427557464
9.83 0.35508173974965734
9.84 0.3895447970497651
9.85 0.42396889987016784
9.86 0.4583506058005836
9.870000000000001 0.4926864766704193
9.88 0.526973078892588
9.89 0.5612069838068674
9.9 0.5953847680227661
9.91 0.6295030137618624
9.92 0.6635583091995826
9.93 0.6975472488063827
9.94 0.7314664336883023
9.950000000000001 0.765312471926853
9.96 0.7990819789182112
9.97 0.8327715777116774
9.98 0.8663778993473726
9.99 0.8998975831931331
10.0 0.9333272772805741
10.01 0.966663638640287
