0.0 1.0
0.01 1.0
0.02 0.666677777962966
0.03 0.33328888814813595
0.04 -0.00013333055550890371
0.05 -0.3335555359260982
0.06 -0.6669443857430949
0.07 -1.0002665411215172
0.08 -1.3334886698458277
0.09 -1.6665774497031536
0.1 -1.9994995718155093
0.11 -2.3322217439706834
0.12 -2.6647106939514607
0.13 -2.996933172862843
0.14 -3.328855958456939
0.15 -3.6604458584551893
0.16 -3.991669713867594
0.17 -4.322494402308612
0.18 -4.6528868413094
0.19 -4.982813991626056
0.2 -5.3122428605435505
0.21 -5.64114050517499
0.22 -5.969474035755912
0.23 -6.297210618933258
0.24 -6.6243174810487115
0.25 -6.950761911416061
0.26 -7.276511265592269
0.27 -7.601532968641919
0.28 -7.925794518394705
0.29 -8.24926348869565
0.3 -8.571907532647726
0.31 -8.893694385846537
0.32 -9.214591869606762
0.33 -9.534567894180025
0.34 -9.85359046196387
0.35000000000000003 -10.171627670701518
0.36 -10.488647716672096
0.37 -10.804618897871006
0.38 -11.119509617180126
0.39 -11.43328838552753
0.4 -11.74592382503638
0.41000000000000003 -12.057384672162726
0.42 -12.367639780821856
0.43 -12.676658125502904
0.44 -12.984408804371403
0.45 -13.290861042359467
0.46 -13.595984194243295
0.47000000000000003 -13.8997477477077
0.48 -14.202121326397334
0.49 -14.503074692954328
0.5 -14.802577752042028
0.51 -15.100600553354525
0.52 -15.397113294611687
0.53 -15.692086324539389
0.54 -15.985490145834637
0.55 -16.2772954181153
0.56 -16.567472960854154
0.5700000000000001 -16.855993756296918
0.58 -17.142828952364056
0.59 -17.427949865535957
0.6 -17.711327983721304
0.61 -17.992934969108276
0.62 -18.27274266099834
0.63 -18.550723078622305
0.64 -18.826848423938408
0.65 -19.10109108441212
0.66 -19.373423635777385
0.67 -19.643818844779076
0.68 -19.91224967189629
0.6900000000000001 -20.178689274046313
0.7000000000000001 -20.443111007268932
0.71 -20.705488429390826
0.72 -20.965795302669783
0.73 -21.224005596418472
0.74 -21.48009348960752
0.75 -21.73403337344761
0.76 -21.985799853950354
0.77 -22.235367754467703
0.78 -22.482712118209605
0.79 -22.72780821073969
0.8 -22.9706315224487
0.81 -23.211157771005468
0.8200000000000001 -23.449362903785136
0.8300000000000001 -23.685223100274428
0.84 -23.91871477445369
0.85 -24.14981457715551
0.86 -24.37849939839961
0.87 -24.604746369703875
0.88 -24.82853286637117
0.89 -25.049836509751827
0.9 -25.268635169481513
0.91 -25.48490696569425
0.92 -25.69863027121042
0.93 -25.90978371369947
0.9400000000000001 -26.118346177817145
0.9500000000000001 -26.32429680731704
0.96 -26.527615007136205
0.97 -26.728280445454658
0.98 -26.926273055728565
0.99 -27.1215730386969
1.0 -27.31416086436137
1.01 -27.504017273939404
1.02 -27.69112328179004
1.03 -27.875460177312497
1.04 -28.057009526817225
1.05 -28.23575317536927
1.06 -28.411673248603776
1.07 -28.584752154513424
1.08 -28.754972585207618
1.09 -28.92231751864329
1.1 -29.086770220327097
1.11 -29.24831424498887
1.12 -29.40693343822614
1.1300000000000001 -29.562611938119588
1.1400000000000001 -29.715334176819226
1.1500000000000001 -29.865084882101186
1.16 -30.011849078894933
1.17 -30.155612090780792
1.18 -30.296359541457576
1.19 -30.434077356180218
1.2 -30.568751763167242
1.21 -30.700369294977946
1.22 -30.82891678985915
1.23 -30.954381393061368
1.24 -31.07675055812428
1.25 -31.196012048131387
1.26 -31.312153936933676
1.27 -31.42516461034227
1.28 -31.535032767289835
1.29 -31.64174742096067
1.3 -31.745297899889408
1.31 -31.84567384902816
1.32 -31.94286523078201
1.33 -32.03686232601279
1.34 -32.12765573501097
1.35 -32.215236378435655
1.36 -32.299595498222494
1.37 -32.380724658459506
1.3800000000000001 -32.45861574623067
1.3900000000000001 -32.53326097242721
1.4000000000000001 -32.60465287252651
1.41 -32.67278430733855
1.42 -32.73764846371987
1.43 -32.79923885525482
1.44 -32.85754932290424
1.45 -32.91257403562137
1.46 -32.964307490934935
1.47 -33.01274451549941
1.48 -33.05788026561235
1.49 -33.099710227698715
1.5 -33.13823021876231
1.51 -33.173436386804035
1.52 -33.205325211207075
1.53 -33.233893503089
1.54 -33.25913840562061
1.55 -33.28105739431167
1.56 -33.299648277263294
1.57 -33.314909195387195
1.58 -33.32683862259156
1.59 -33.33543536593367
1.6 -33.34069856573918
1.61 -33.342627695688115
1.62 -33.34122256286748
1.6300000000000001 -33.33648330779055
1.6400000000000001 -33.32841040438284
1.6500000000000001 -33.3170046599347
1.6600000000000001 -33.30226721502057
1.67 -33.284199543384936
1.68 -33.26280345179496
1.69 -33.2380810798598
1.7 -33.21003489981667
1.71 -33.17866771628355
1.72 -33.143982665978804
1.73 -33.10598321740746
1.74 -33.064673170514375
1.75 -33.02005665630424
1.76 -32.97213813642848
1.77 -32.92092240273907
1.78 -32.8664145768094
1.79 -32.808620109422044
1.8 -32.74754478002375
1.81 -32.68319469614746
1.82 -32.615576292801556
1.83 -32.54469633182638
1.84 -32.470561901218026
1.85 -32.393180414419554
1.86 -32.312559609579644
1.87 -32.22870754877878
1.8800000000000001 -32.14163261722303
1.8900000000000001 -32.05134352240557
1.9000000000000001 -31.95784929323586
1.9100000000000001 -31.861159279136828
1.92 -31.761283149109886
1.93 -31.65823089076803
1.94 -31.5520128093371
1.95 -31.442639526625236
1.96 -31.33012197996071
1.97 -31.21447142109818
1.98 -31.09569941509355
1.99 -30.973817839147408
2.0 -30.84883888141735
2.0100000000000002 -30.72077503979915
2.02 -30.58963912067697
2.0300000000000002 -30.455444237642723
2.04 -30.318203810184713
2.05 -30.177931562345684
2.06 -30.034641521350423
2.07 -29.888348016203025
2.08 -29.739065676254008
2.09 -29.586809429737364
2.1 -29.431594502277747
2.11 -29.273436415367904
2.12 -29.112350984816523
2.13 -28.94835431916666
2.14 -28.781462818084883
2.15 -28.611693170721296
2.16 -28.439062354040637
2.17 -28.263587631124572
2.18 -28.0852865494454
2.19 -27.90417693911128
2.2 -27.720276911083253
2.21 -27.533604855364118
2.22 -27.344179439159447
2.23 -27.152019605010864
2.24 -26.957144568901782
2.25 -26.75957381833581
2.2600000000000002 -26.559327110388004
2.27 -26.356424469729163
2.2800000000000002 -26.150886186623346
2.29 -25.942732814898868
2.3000000000000003 -25.7319851698929
2.31 -25.518664326369944
2.32 -25.302791616414346
2.33 -25.08438862729711
2.34 -24.863477199317146
2.35 -24.64007942361725
2.36 -24.414217639974993
2.37 -24.185914434568737
2.38 -23.955192637719023
2.39 -23.722075321605537
2.4 -23.48658579795989
2.41 -23.248747615734445
2.42 -23.008584558747422
2.43 -22.766120643304525
2.44 -22.5213801157973
2.45 -22.274387450278496
2.46 -22.025167346014662
2.47 -21.77374472501623
2.48 -21.520144729545294
2.49 -21.264392719601403
2.5 -21.00651427038555
2.5100000000000002 -20.746535169742664
2.52 -20.484481415582806
2.5300000000000002 -20.22037921328139
2.54 -19.954254973058646
2.5500000000000003 -19.686135307338596
2.56 -19.41604702808781
2.57 -19.144017144134217
2.58 -18.87007285846621
2.59 -18.594241565512355
2.6 -18.316550848401953
2.61 -18.037028476206707
2.62 -17.755702401163845
2.63 -17.47260075588087
2.64 -17.187751850522304
2.65 -16.901184169978684
2.66 -16.61292637101807
2.67 -16.323007279420352
2.68 -16.031455887094694
2.69 -15.738301349180325
2.7 -15.443572981131037
2.71 -15.147300255783637
2.72 -14.849512800410658
2.73 -14.550240393757637
2.74 -14.24951296306524
2.75 -13.947360581076534
2.7600000000000002 -13.643813463029723
2.77 -13.338901963636609
2.7800000000000002 -13.032656574047131
2.79 -12.725107918800248
2.8000000000000003 -12.416286752761486
2.81 -12.106223958047448
2.82 -11.794950540937602
2.83 -11.482497628773665
2.84 -11.16889646684685
2.85 -10.85417841527335
2.86 -10.538374945858322
2.87 -10.221517638948711
2.88 -9.903638180275205
2.89 -9.584768357783673
2.9 -9.264940058456364
2.91 -8.94418526512321
2.92 -8.622536053263541
2.93 -8.300024587798546
2.94 -7.976683119874771
2.95 -7.652543983639008
2.96 -7.327639593004882
2.97 -7.002002438411456
2.98 -6.675665083574188
2.99 -6.348660162228564
3.0 -6.021020374866717
3.0100000000000002 -5.692778485467384
3.02 -5.363967318219505
3.0300000000000002 -5.034619754239804
3.04 -4.70476872828468
3.0500000000000003 -4.374447225456727
3.06 -4.043688277906229
3.0700000000000003 -3.71252496152794
3.08 -3.3809903926534988
3.09 -3.0491177247397925
3.1 -2.716940145053612
3.11 -2.3844908713529263
3.12 -2.0518031485651056
3.13 -1.7189102454624283
3.14 -1.385845451335205
3.15 -1.0526420726628483
3.16 -0.7193334297832252
3.17 -0.3859528535606238
3.18 -0.052533682052666286
3.19 0.2808907428234965
3.2 0.614287078625377
3.21 0.9476219857193948
3.22 1.2808621306148407
3.23 1.6139741892972252
3.24 1.9469248505606802
3.25 2.279680819339079
3.2600000000000002 2.6122088200355447
3.27 2.9444755998500067
3.2800000000000002 3.276447932104484
3.29 3.608092619565751
3.3000000000000003 3.939376497765061
3.31 4.270266438314595
3.3200000000000003 4.600729352220297
3.33 4.930732193190776
3.34 5.260241960941936
3.35 5.589225704497002
3.36 5.917650525481617
3.37 6.245483581413685
3.38 6.572692088987612
3.39 6.8992433273526395
3.4 7.225104641384931
3.41 7.550243444953084
3.42 7.874627224176741
3.43 8.198223540677981
3.44 8.521000034825153
3.45 8.842924428968844
3.46 9.163964530669638
3.47 9.484088235917364
3.48 9.803263532341497
3.49 10.121458502412397
3.5 10.438641326633057
3.5100000000000002 10.754780286721056
3.52 11.069843768780384
3.5300000000000002 11.383800266462833
3.54 11.696618384118636
3.5500000000000003 12.008266839936029
3.56 12.318714469069427
3.5700000000000003 12.627930226755916
3.58 12.93588319141973
3.59 13.242542567764401
3.6 13.547877689852296
3.61 13.851858024171205
3.62 14.154453172687699
3.63 14.455632875886925
3.64 14.755367015798562
3.65 15.053625619008619
3.66 15.350378859656775
3.67 15.645597062418966
3.68 15.939250705474915
3.69 16.231310423460314
3.7 16.52174701040337
3.71 16.810531422645383
3.72 17.097634781745132
3.73 17.383028377366706
3.74 17.666683670150544
3.75 17.94857229456737
3.7600000000000002 18.22866606175474
3.77 18.506936962335935
3.7800000000000002 18.783357169220896
3.79 19.057899040388932
3.8000000000000003 19.330535121652932
3.81 19.601238149404764
3.8200000000000003 19.869981053341657
3.83 20.13673695917322
3.84 20.401479191308862
3.85 20.664181275525372
3.86 20.924816941614328
3.87 21.18336012600912
3.88 21.439784974391312
3.89 21.694065844276068
3.9 21.946177307576395
3.91 22.196094153145964
3.92 22.44379138930022
3.93 22.689244246315546
3.94 22.93242817890624
3.95 23.17331886867904
3.96 23.411892226564976
3.97 23.64812439522826
3.98 23.881991751452016
3.99 24.11347090850063
4.0 24.342538718458396
4.01 24.569172274544314
4.0200000000000005 24.793348913402777
4.03 25.0150462173699
4.04 25.23424201671529
4.05 25.45091439185901
4.0600000000000005 25.66504167556354
4.07 25.876602455100517
4.08 26.085575574391985
4.09 26.291940136126016
4.1 26.49567550384643
4.11 26.696761304016462
4.12 26.89517742805609
4.13 27.09090403435291
4.14 27.283921550246294
4.15 27.47421067398465
4.16 27.66175237665561
4.17 27.8465279040889
4.18 28.028518778731783
4.19 28.20770680149679
4.2 28.384074053581646
4.21 28.557602898261145
4.22 28.728275982650818
4.23 28.896076239442223
4.24 29.060986888609687
4.25 29.22299143908829
4.26 29.38207369042298
4.2700000000000005 29.53821773438863
4.28 29.691407956580843
4.29 29.8416290379774
4.3 29.988865956470153
4.3100000000000005 30.13310398836726
4.32 30.274328709865532
4.33 30.412525998492818
4.34 30.547682034520253
4.3500000000000005 30.679783302344234
4.36 30.808816591837978
4.37 30.934768999672542
4.38 31.057627930607136
4.39 31.17738109874867
4.4 31.29401652878033
4.41 31.407522557159112
4.42 31.517887833282177
4.43 31.625101320621916
4.44 31.72915229782959
4.45 31.83003035980748
4.46 31.927725418749393
4.47 32.02222770514943
4.48 32.113527768778965
4.49 32.201616479631625
4.5 32.286485028836324
4.51 32.36812492953814
4.5200000000000005 32.446528017747
4.53 32.52168645315409
4.54 32.59359271991586
4.55 32.66223962740564
4.5600000000000005 32.72762031093268
4.57 32.78972823242863
4.58 32.84855718110134
4.59 32.90410127405595
4.6000000000000005 32.956354956883146
4.61 33.005313004214656
4.62 33.05097052024574
4.63 33.093322939224805
4.64 33.132366025909946
4.65 33.16809587599249
4.66 33.200508916487436
4.67 33.229601906090735
4.68 33.25537193550342
4.69 33.277816427722556
4.7 33.296933138298925
4.71 33.312720155561465
4.72 33.325175900808446
4.73 33.33429912846535
4.74 33.340088926209404
4.75 33.34254471506084
4.76 33.34166624944076
4.7700000000000005 33.33745361719575
4.78 33.32990723958902
4.79 33.31902787125833
4.8 33.30481660014051
4.8100000000000005 33.28727484736268
4.82 33.26640436710011
4.83 33.242207246400824
4.84 33.2146859049769
4.8500000000000005 33.183843094962484
4.86 33.14968190063857
4.87 33.11220573812459
4.88 33.0714183550368
4.89 33.0273238301135
4.9 32.9799265728072
4.91 32.92923132284362
4.92 32.87524314974776
4.93 32.81796745233693
4.94 32.75740995818087
4.95 32.693576723029
4.96 32.62647413020481
4.97 32.556108889967604
4.98 32.482488038841396
4.99 32.4056189389113
5.0 32.32550927708732
5.01 32.24216706433563
5.0200000000000005 32.155600634877516
5.03 32.06581864535592
5.04 31.97283007396979
5.05 31.876644219576264
5.0600000000000005 31.77727070076078
5.07 31.674719454875223
5.08 31.569000737044178
5.09 31.460125119139427
5.1000000000000005 31.348103488722764
5.11 31.232947047957225
5.12 31.114667312486894
5.13 30.993276110285315
5.14 30.86878558047271
5.15 30.741208172102063
5.16 30.610556642914204
5.17 30.476844058062056
5.18 30.3400837888041
5.19 30.200289511167263
5.2 30.057475204579312
5.21 29.911655150470907
5.22 29.762843930847453
5.23 29.611056426830913
5.24 29.45630781717169
5.25 29.29861357673075
5.26 29.13798947493214
5.2700000000000005 28.974451574186034
5.28 28.80801622828251
5.29 28.63870008075616
5.3 28.46652006322173
5.3100000000000005 28.29149339368098
5.32 28.113637574800862
5.33 27.932970392163263
5.34 27.749509912486445
5.3500000000000005 27.563274481818382
5.36 27.374282723702137
5.37 27.182553537313524
5.38 26.988106095571176
5.39 26.79095984321927
5.4 26.591134494883043
5.41 26.388650033097328
5.42 26.1835267063083
5.43 25.97578502684864
5.44 25.765445768886295
5.45 25.55252996634706
5.46 25.337058910811187
5.47 25.119054149384233
5.48 24.898537482542338
5.49 24.67553096195219
5.5 24.45005688826585
5.51 24.22213780889068
5.5200000000000005 23.99179651573462
5.53 23.759056042926986
5.54 23.523939664515062
5.55 23.286470892136684
5.5600000000000005 23.04667347266909
5.57 22.80457138585423
5.58 22.56018884190079
5.59 22.313550279063158
5.6000000000000005 22.064680361197617
5.61 21.813603975295955
5.62 21.560346228996764
5.63 21.304932448074673
5.64 21.047388173907777
5.65 20.787739160923486
5.66 20.526011374023106
5.67 20.262230985985326
5.68 19.99642437484895
5.69 19.72861812127509
5.7 19.458839005889104
5.71 19.187114006602528
5.72 18.91347029591529
5.73 18.63793523819846
5.74 18.36053638695781
5.75 18.081301482078466
5.76 17.800258447050915
5.7700000000000005 17.51743538617866
5.78 17.23286058176779
5.79 16.946562491298735
5.8 16.658569744580554
5.8100000000000005 16.368911140887917
5.82 16.077615646081192
5.83 15.78471238970986
5.84 15.490230662099556
5.8500000000000005 15.194199911423041
5.86 14.896649740755386
5.87 14.597609905113654
5.88 14.297110308481411
5.89 13.99518100081832
5.9 13.691852175055146
5.91 13.387154164074467
5.92 13.081117437677381
5.93 12.773772599536528
5.94 12.465150384135722
5.95 12.155281653696502
5.96 11.84419739509191
5.97 11.53192871674781
5.98 11.218506845532033
5.99 10.903963123631705
6.0 10.588329005419013
6.01 10.27163605430578
6.0200000000000005 9.953915939587116
6.03 9.635200433274495
6.04 9.315521406918545
6.05 8.994910828421904
6.0600000000000005 8.673400758842423
6.07 8.351023349187056
6.08 8.027810837196771
6.09 7.703795544122766
6.1000000000000005 7.379009871494349
6.11 7.0534862978787825
6.12 6.727257375633428
6.13 6.40035572765051
6.140000000000001 6.072814044094827
6.15 5.744665079134734
6.16 5.4159416476667275
6.17 5.086676622033954
6.18 4.7569029287389775
6.19 4.426653545151128
6.2 4.095961496208764
6.21 3.7648598511167783
6.22 3.433381720039681
6.23 3.1015602507905795
6.24 2.769428625516399
6.25 2.4370200573796668
6.26 2.104367787237196
6.2700000000000005 1.7715050803160022
6.28 1.4384652228867765
6.29 1.105281518935262
6.3 0.771987286831854
6.3100000000000005 0.4386158559997628
6.32 0.10520056358207164
6.33 -0.22822524889197776
6.34 -0.561628238841138
6.3500000000000005 -0.894975065966414
6.36 -1.2282323955850933
6.37 -1.5613669019642142
6.38 -1.8943452716531386
6.390000000000001 -2.227134206814898
6.4 -2.559700428555976
6.41 -2.892010680254198
6.42 -3.224031730884394
6.43 -3.5557303783415017
6.44 -3.8870734527607755
6.45 -4.218027819834774
6.46 -4.548560384126787
6.47 -4.878638092380388
6.48 -5.208227936824752
6.49 -5.537296958475434
6.5 -5.8658122504302685
6.51 -6.19374096116006
6.5200000000000005 -6.521050297793735
6.53 -6.847707529397631
6.54 -7.173679990248587
6.55 -7.498935083100518
6.5600000000000005 -7.823440282444139
6.57 -8.147163137759515
6.58 -8.470071276761114
6.59 -8.79213240863504
6.6000000000000005 -9.1133143272681
6.61 -9.433584914468435
6.62 -9.752912143177323
6.63 -10.071264080671893
6.640000000000001 -10.388608891758398
6.65 -10.704914841955729
6.66 -11.020150300668863
6.67 -11.33428374435193
6.68 -11.647283759660564
6.69 -11.959119046593232
6.7 -12.26975842162124
6.71 -12.579170820807088
6.72 -12.887325302910853
6.73 -13.194191052484326
6.74 -13.499737382952553
6.75 -13.803933739682483
6.76 -14.106749703038446
6.7700000000000005 -14.408154991424103
6.78 -14.70811946431062
6.79 -15.006613125250707
6.8 -15.303606124878268
6.8100000000000005 -15.59906876389334
6.82 -15.892971496032025
6.83 -16.18528493102111
6.84 -16.475979837517087
6.8500000000000005 -16.76502714602932
6.86 -17.052397951826947
6.87 -17.33806351782939
6.88 -17.621995277480053
6.890000000000001 -17.90416483760297
6.9 -18.18454398124213
6.91 -18.463104670483162
6.92 -18.739819049257143
6.93 -19.014659446126196
6.94 -19.287598377050635
6.95 -19.55860854813737
6.96 -19.827662858369294
6.97 -20.09473440231538
6.98 -20.359796472821238
6.99 -20.62282256367981
7.0 -20.883786372282017
7.01 -21.142661802246998
7.0200000000000005 -21.399422966031757
7.03 -21.654044187519915
7.04 -21.90650000458932
7.05 -22.156765171658265
7.0600000000000005 -22.404814662210043
7.07 -22.650623671295598
7.08 -22.894167618014023
7.09 -23.13542214797065
7.1000000000000005 -23.37436313571248
7.11 -23.61096668714073
7.12 -23.84520914190027
7.13 -24.077067075745617
7.140000000000001 -24.306517302883393
7.15 -24.53353687829088
7.16 -24.758103100010544
7.17 -24.980193511420204
7.18 -25.19978590347872
7.19 -25.416858316946886
7.2 -25.631389044583358
7.21 -25.843356633315373
7.22 -26.05273988638406
7.23 -26.25951786546411
7.24 -26.463669892757615
7.25 -26.665175553061843
7.26 -26.864014695810766
7.2700000000000005 -27.060167437090108
7.28 -27.25361416162574
7.29 -27.444335524745213
7.3 -27.632312454312213
7.3100000000000005 -27.817526152633782
7.32 -27.999958098340088
7.33 -28.179590048236562
7.34 -28.356404039128215
7.3500000000000005 -28.53038238961595
7.36 -28.701507701864728
7.37 -28.86976286334332
7.38 -29.035131048535575
7.390000000000001 -29.197595720622978
7.4 -29.35714063313832
7.41 -29.513749831590353
7.42 -29.667407655059222
7.43 -29.818098737762583
7.44 -29.96580801059217
7.45 -30.110520702620697
7.46 -30.25222234257896
7.47 -30.390898760302967
7.48 -30.52653608815094
7.49 -30.659120762390103
7.5 -30.788639524553027
7.51 -30.915079422763498
7.5200000000000005 -31.038427813031696
7.53 -31.158672360518594
7.54 -31.275801040769437
7.55 -31.389802140916203
7.5600000000000005 -31.50066426084888
7.57 -31.608376314355468
7.58 -31.712927530230623
7.59 -31.814307453352754
7.6000000000000005 -31.91250594572955
7.61 -32.00751318751177
7.62 -32.099319677975245
7.63 -32.18791623647092
7.640000000000001 -32.27329400334294
7.65 -32.35544444081463
7.66 -32.43435933384224
7.67 -32.51003079093646
7.68 -32.582451244951585
7.69 -32.65161345384221
7.7 -32.71751050138745
7.71 -32.78013579788256
7.72 -32.839483080797876
7.73 -32.895546415405114
7.74 -32.94832019537081
7.75 -32.997799143316975
7.76 -33.04397831134881
7.7700000000000005 -33.08685308154951
7.78 -33.12641916644206
7.79 -33.16267260941796
7.8 -33.195609785132916
7.8100000000000005 -33.22522739986936
7.82 -33.25152249186581
7.83 -33.274492431613076
7.84 -33.29413492211718
7.8500000000000005 -33.310447999129075
7.86 -33.32343003134106
7.87 -33.33307972054991
7.88 -33.339396101786704
7.890000000000001 -33.342378543413325
7.9 -33.3420267471856
7.91 -33.33834074828315
7.92 -33.33132091530588
7.930000000000001 -33.32096795023708
7.94 -33.307282888373265
7.95 -33.29026709822062
7.96 -33.26992228135815
7.97 -33.24625047226754
7.98 -33.219254038129705
7.99 -33.18893567858806
8.0 -33.15529842547855
8.01 -33.118345642526485
8.02 -33.078081025010164
8.03 -33.03450859939134
8.040000000000001 -32.987632722912565
8.05 -32.937458083161495
8.06 -32.883989697602104
8.07 -32.827232913072955
8.08 -32.7671934052525
8.09 -32.703877178091524
8.1 -32.637290563212744
8.11 -32.56744021927765
8.120000000000001 -32.49433313132063
8.13 -32.41797661005048
8.14 -32.33837829111933
8.15 -32.25554613435906
8.16 -32.16948842298535
8.17 -32.080213762769354
8.18 -31.987731081177074
8.19 -31.892049626476677
8.2 -31.793178966813635
8.21 -31.69112898925391
8.22 -31.585909898795265
8.23 -31.47753221734674
8.24 -31.366006782676486
8.25 -31.251344747327963
8.26 -31.13355757750471
8.27 -31.01265705192371
8.28 -30.88865526063752
8.290000000000001 -30.761564603825263
8.3 -30.631397790552626
8.31 -30.498167837500937
8.32 -30.361888067665497
8.33 -30.22257210902329
8.34 -30.08023389317018
8.35 -29.934887653927753
8.36 -29.786547925919933
8.370000000000001 -29.63522954311952
8.38 -29.4809476373648
8.39 -29.32371763684634
8.4 -29.163555264564195
8.41 -29.000476536755592
8.42 -28.834497761293314
8.43 -28.665635536054907
8.44 -28.493906747262898
8.45 -28.319328567796163
8.46 -28.14191845547265
8.47 -27.96169415130359
8.48 -27.778673677719404
8.49 -27.59287533676745
8.5 -27.404317708281816
8.51 -27.21301964802536
8.52 -27.019000285804097
8.53 -26.822279023554252
8.540000000000001 -26.622875533402052
8.55 -26.42080975569651
8.56 -26.2161018970154
8.57 -26.00877242814459
8.58 -25.798842082030966
8.59 -25.58633185170914
8.6 -25.37126298820214
8.61 -25.153656998396322
8.620000000000001 -24.93353564289066
8.63 -24.71092093382071
8.64 -24.485835132657378
8.65 -24.258300747980783
8.66 -24.02834053322939
8.67 -23.795977484424675
8.68 -23.561234837871517
8.69 -23.324136067834573
8.700000000000001 -23.08470488419085
8.71 -22.84296523005871
8.72 -22.59894127940356
8.73 -22.352657434620475
8.74 -22.104138324093924
8.75 -21.853408799734964
8.76 -21.60049393449603
8.77 -21.34541901986364
8.78 -21.088209563329265
8.790000000000001 -20.82889128583856
8.8 -20.567490119219272
8.81 -20.304032203588065
8.82 -20.038543884736498
8.83 -19.771051711496455
8.84 -19.50158243308526
8.85 -19.230162996430757
8.86 -18.95682054347661
8.870000000000001 -18.681582408468117
8.88 -18.404476115218777
8.89 -18.125529374357917
8.9 -17.84477008055962
8.91 -17.562226309753264
8.92 -17.277926316315934
8.93 -16.99189853024697
8.94 -16.70417155432498
8.950000000000001 -16.414774161247557
8.96 -16.123735290754013
8.97 -15.831084046731391
8.98 -15.536849694304095
8.99 -15.24106165690737
9.0 -14.943749513344954
9.01 -14.644942994831204
9.02 -14.344671982017971
9.03 -14.042966502006536
9.040000000000001 -13.7398567253449
9.05 -13.435372963010732
9.06 -13.129545663380263
9.07 -12.822405409183457
9.08 -12.513982914445734
9.09 -12.204309021416567
9.1 -11.893414697485259
9.11 -11.581331032084204
9.120000000000001 -11.268089233579943
9.13 -10.953720626152322
9.14 -10.638256646662086
9.15 -10.321728841507184
9.16 -10.00416886346813
9.17 -9.685608468542732
9.18 -9.36607951277048
9.19 -9.045613949046949
9.200000000000001 -8.724243823928514
9.21 -8.402001274427686
9.22 -8.078918524799416
9.23 -7.755027883318668
9.24 -7.430361739049589
9.25 -7.104952558606605
9.26 -6.778832882907761
9.27 -6.452035323920626
9.28 -6.1245925614011
9.290000000000001 -5.796537339625434
9.3 -5.467902464115806
9.31 -5.138720798359765
9.32 -4.809025260523889
9.33 -4.478848820161961
9.34 -4.148224494918017
9.35 -3.817185347224582
9.36 -3.4857644809964246
9.370000000000001 -3.1539950383201676
9.38 -2.8219101961400783
9.39 -2.4895431629403753
9.4 -2.1569271754243786
9.41 -1.8240954951908392
9.42 -1.491081405407781
9.43 -1.1579182074841818
9.44 -0.8246392177398341
9.450000000000001 -0.49127776407371226
9.46 -0.15786718263118305
9.47 0.1755591855296093
9.48 0.5089679977718486
9.49 0.8423259132143108
9.5 1.1755995960654515
9.51 1.5087557189569856
9.52 1.8417609662766241
9.53 2.1745820374996354
9.540000000000001 2.507185650518897
9.55 2.8395385449731068
9.56 3.171607485572819
9.57 3.503359265423974
9.58 3.8347607093485863
9.59 4.165778677202264
9.6 4.4963800671882215
9.61 4.82653181916746
9.620000000000001 5.156200917964782
9.63 5.485354396670306
9.64 5.813959339936165
9.65 6.14198288726803
9.66 6.469392236311169
9.67 6.796154646130676
9.68 7.12223744048557
9.69 7.447608011096415
9.700000000000001 7.77223382090615
9.71 8.096082407333794
9.72 8.419121385520706
9.73 8.741318451569066
9.74 9.062641385772269
9.75 9.383058055836893
9.76 9.702536420095933
9.77 10.021044530712965
9.78 10.338550536876925
9.790000000000001 10.655022687987197
9.8 10.970429336828671
9.81 11.284738942736462
9.82 11.59792007474998
9.83 11.909941414756025
9.84 12.220771760620595
9.85 12.530380029309102
9.86 12.838735259994676
9.870000000000001 13.145806617154252
9.88 13.45156339365211
9.89 13.755975013810604
9.9 14.059011036467718
9.91 14.360641158021187
9.92 14.660835215458855
9.93 14.959563189374977
9.94 15.256795206972162
9.950000000000001 15.552501545048651
9.96 15.846652632970637
9.97 16.139219055629326
9.98 16.430171556382447
9.99 16.719481039979932
10.0 17.00711857547342
10.01 0.0
