Freq.	V(n003)
1.00000000000000e+000	8.72097176389268e-018,2.95309709554024e-009
1.01099099099099e+002	8.91379760342543e-014,2.98556660499390e-007
2.01198198198198e+002	3.53042303604742e-013,5.94167309966606e-007
3.01297297297297e+002	7.91746758980726e-013,8.89792062031849e-007
4.01396396396396e+002	1.40529299541767e-012,1.18543793434557e-006
5.01495495495495e+002	2.19373927157698e-012,1.48111194622938e-006
6.01594594594595e+002	3.15716046196174e-012,1.77682111923165e-006
7.01693693693694e+002	4.29564807009864e-012,2.07257247768357e-006
8.01792792792793e+002	5.60931024496579e-012,2.36837304925556e-006
9.01891891891892e+002	7.09827180018991e-012,2.66422986551432e-006
1.00199099099099e+003	8.76267423636372e-012,2.96014996248050e-006
1.10209009009009e+003	1.06026757661524e-011,3.25614038118710e-006
1.20218918918919e+003	1.26184513426298e-011,3.55220816823873e-006
1.30228828828829e+003	1.48101926904327e-011,3.84836037637176e-006
1.40238738738739e+003	1.71781083399343e-011,4.14460406501554e-006
1.50248648648649e+003	1.97224236645723e-011,4.44094630085468e-006
1.60258558558559e+003	2.24433809210701e-011,4.73739415839259e-006
1.70268468468468e+003	2.53412392926820e-011,5.03395472051630e-006
1.80278378378378e+003	2.84162749356671e-011,5.33063507906267e-006
1.90288288288288e+003	3.16687810286195e-011,5.62744233538611e-006
2.00298198198198e+003	3.50990678249639e-011,5.92438360092789e-006
2.10308108108108e+003	3.87074627086323e-011,6.22146599778714e-006
2.20318018018018e+003	4.24943102527102e-011,6.51869665929360e-006
2.30327927927928e+003	4.64599722813235e-011,6.81608273058232e-006
2.40337837837838e+003	5.06048279345689e-011,7.11363136917024e-006
2.50347747747748e+003	5.49292737367361e-011,7.41134974553495e-006
2.60357657657658e+003	5.94337236676937e-011,7.70924504369558e-006
2.70367567567567e+003	6.41186092372760e-011,8.00732446179590e-006
2.80377477477477e+003	6.89843795633454e-011,8.30559521268993e-006
2.90387387387387e+003	7.40315014525619e-011,8.60406452452994e-006
3.00397297297297e+003	7.92604594849440e-011,8.90273964135702e-006
3.10407207207207e+003	8.46717561013512e-011,9.20162782369440e-006
3.20417117117117e+003	9.02659116945305e-011,9.50073634914343e-006
3.30427027027027e+003	9.60434647034343e-011,9.80007251298266e-006
3.40436936936937e+003	1.02004971710921e-010,1.00996436287696e-005
3.50446846846847e+003	1.08151007544898e-010,1.03994570289460e-005
3.60456756756757e+003	1.14482165382920e-010,1.06995200654459e-005
3.70466666666666e+003	1.20999056860201e-010,1.09998401103071e-005
3.80476576576576e+003	1.27702312181296e-010,1.13004245562866e-005
3.90486486486486e+003	1.34592580235102e-010,1.16012808174785e-005
4.00496396396396e+003	1.41670528713651e-010,1.19024163299367e-005
4.10506306306306e+003	1.48936844234390e-010,1.22038385523003e-005
4.20516216216216e+003	1.56392232466221e-010,1.25055549664239e-005
4.30526126126126e+003	1.64037418259075e-010,1.28075730780110e-005
4.40536036036036e+003	1.71873145777430e-010,1.31099004172519e-005
4.50545945945946e+003	1.79900178637455e-010,1.34125445394657e-005
4.60555855855856e+003	1.88119300047965e-010,1.37155130257470e-005
4.70565765765766e+003	1.96531312955382e-010,1.40188134836165e-005
4.80575675675676e+003	2.05137040192426e-010,1.43224535476762e-005
4.90585585585586e+003	2.13937324630920e-010,1.46264408802700e-005
5.00595495495496e+003	2.22933029338429e-010,1.49307831721482e-005
5.10605405405406e+003	2.32125037739078e-010,1.52354881431374e-005
5.20615315315316e+003	2.41514253778440e-010,1.55405635428158e-005
5.30625225225225e+003	2.51101602092558e-010,1.58460171511926e-005
5.40635135135135e+003	2.60888028181119e-010,1.61518567793940e-005
5.50645045045045e+003	2.70874498585072e-010,1.64580902703540e-005
5.60654954954955e+003	2.81062001068272e-010,1.67647254995104e-005
5.70664864864865e+003	2.91451544803761e-010,1.70717703755075e-005
5.80674774774775e+003	3.02044160564352e-010,1.73792328409039e-005
5.90684684684685e+003	3.12840900917729e-010,1.76871208728866e-005
6.00694594594595e+003	3.23842840426100e-010,1.79954424839907e-005
6.10704504504505e+003	3.35051075850436e-010,1.83042057228266e-005
6.20714414414415e+003	3.46466726359520e-010,1.86134186748122e-005
6.30724324324325e+003	3.58090933743546e-010,1.89230894629123e-005
6.40734234234235e+003	3.69924862632722e-010,1.92332262483850e-005
6.50744144144145e+003	3.81969700720612e-010,1.95438372315346e-005
6.60754054054055e+003	3.94226658992641e-010,1.98549306524712e-005
6.70763963963965e+003	4.06696971959392e-010,2.01665147918781e-005
6.80773873873875e+003	4.19381897895189e-010,2.04785979717863e-005
6.90783783783785e+003	4.32282719081785e-010,2.07911885563560e-005
7.00793693693695e+003	4.45400742057441e-010,2.11042949526667e-005
7.10803603603605e+003	4.58737297871160e-010,2.14179256115139e-005
7.20813513513515e+003	4.72293742342550e-010,2.17320890282149e-005
7.30823423423424e+003	4.86071456327100e-010,2.20467937434219e-005
7.40833333333334e+003	5.00071845987100e-010,2.23620483439440e-005
7.50843243243244e+003	5.14296343068274e-010,2.26778614635771e-005
7.60853153153154e+003	5.28746405182154e-010,2.29942417839429e-005
7.70863063063064e+003	5.43423516094464e-010,2.33111980353367e-005
7.80872972972974e+003	5.58329186019307e-010,2.36287389975838e-005
7.90882882882884e+003	5.73464951919605e-010,2.39468735009057e-005
8.00892792792794e+003	5.88832377813632e-010,2.42656104267952e-005
8.10902702702704e+003	6.04433055087872e-010,2.45849587089011e-005
8.20912612612614e+003	6.20268602816267e-010,2.49049273339232e-005
8.30922522522524e+003	6.36340668085963e-010,2.52255253425164e-005
8.40932432432434e+003	6.52650926329700e-010,2.55467618302059e-005
8.50942342342344e+003	6.69201081664897e-010,2.58686459483121e-005
8.60952252252254e+003	6.85992867239644e-010,2.61911869048860e-005
8.70962162162164e+003	7.03028045585562e-010,2.65143939656564e-005
8.80972072072074e+003	7.20308408977889e-010,2.68382764549866e-005
8.90981981981984e+003	7.37835779802705e-010,2.71628437568435e-005
9.00991891891893e+003	7.55612010931479e-010,2.74881053157777e-005
9.11001801801803e+003	7.73638986103199e-010,2.78140706379153e-005
9.21011711711713e+003	7.91918620314013e-010,2.81407492919613e-005
9.31021621621623e+003	8.10452860214660e-010,2.84681509102159e-005
9.41031531531533e+003	8.29243684515838e-010,2.87962851896026e-005
9.51041441441443e+003	8.48293104401519e-010,2.91251618927085e-005
9.61051351351353e+003	8.67603163950600e-010,2.94547908488386e-005
9.71061261261263e+003	8.87175940566663e-010,2.97851819550823e-005
9.81071171171173e+003	9.07013545416522e-010,3.01163451773932e-005
9.91081081081083e+003	9.27118123877126e-010,3.04482905516836e-005
1.00109099099099e+004	9.47491855991564e-010,3.07810281849315e-005
1.01110090090090e+004	9.68136956933807e-010,3.11145682563026e-005
1.02111081081081e+004	9.89055677482747e-010,3.14489210182866e-005
1.03112072072072e+004	1.01025030450559e-009,3.17840967978480e-005
1.04113063063063e+004	1.03172316145060e-009,3.21201059975923e-005
1.05114054054054e+004	1.05347660884973e-009,3.24569590969469e-005
1.06115045045045e+004	1.07551304483100e-009,3.27946666533580e-005
1.07116036036036e+004	1.09783490564099e-009,3.31332393035037e-005
1.08117027027027e+004	1.12044466617759e-009,3.34726877645222e-005
1.09118018018018e+004	1.14334484053330e-009,3.38130228352578e-005
1.10119009009009e+004	1.16653798254904e-009,3.41542553975229e-005
1.11120000000000e+004	1.19002668637904e-009,3.44963964173774e-005
1.12120990990991e+004	1.21381358706670e-009,3.48394569464253e-005
1.13121981981982e+004	1.23790136113184e-009,3.51834481231302e-005
1.14122972972973e+004	1.26229272716952e-009,3.55283811741471e-005
1.15123963963964e+004	1.28699044646053e-009,3.58742674156746e-005
1.16124954954955e+004	1.31199732359410e-009,3.62211182548248e-005
1.17125945945946e+004	1.33731620710267e-009,3.65689451910131e-005
1.18126936936937e+004	1.36294999010940e-009,3.69177598173668e-005
1.19127927927928e+004	1.38890161098818e-009,3.72675738221548e-005
1.20128918918919e+004	1.41517405403701e-009,3.76183989902370e-005
1.21129909909910e+004	1.44177035016436e-009,3.79702472045341e-005
1.22130900900901e+004	1.46869357758937e-009,3.83231304475200e-005
1.23131891891892e+004	1.49594686255571e-009,3.86770608027341e-005
1.24132882882883e+004	1.52353338005977e-009,3.90320504563170e-005
1.25133873873874e+004	1.55145635459319e-009,3.93881116985675e-005
1.26134864864865e+004	1.57971906090014e-009,3.97452569255238e-005
1.27135855855856e+004	1.60832482474969e-009,4.01034986405666e-005
1.28136846846847e+004	1.63727702372362e-009,4.04628494560475e-005
1.29137837837838e+004	1.66657908801980e-009,4.08233220949399e-005
1.30138828828829e+004	1.69623450127171e-009,4.11849293925165e-005
1.31139819819820e+004	1.72624680138433e-009,4.15476842980509e-005
1.32140810810811e+004	1.75661958138681e-009,4.19115998765448e-005
1.33141801801802e+004	1.78735649030208e-009,4.22766893104823e-005
1.34142792792793e+004	1.81846123403406e-009,4.26429659016102e-005
1.35143783783784e+004	1.84993757627271e-009,4.30104430727459e-005
1.36144774774775e+004	1.88178933941726e-009,4.33791343696129e-005
1.37145765765766e+004	1.91402040551808e-009,4.37490534627052e-005
1.38146756756757e+004	1.94663471723760e-009,4.41202141491797e-005
1.39147747747748e+004	1.97963627883067e-009,4.44926303547793e-005
1.40148738738739e+004	2.01302915714479e-009,4.48663161357846e-005
1.41149729729730e+004	2.04681748264073e-009,4.52412856809982e-005
1.42150720720721e+004	2.08100545043384e-009,4.56175533137584e-005
1.43151711711712e+004	2.11559732135661e-009,4.59951334939860e-005
1.44152702702703e+004	2.15059742304296e-009,4.63740408202635e-005
1.45153693693694e+004	2.18601015103479e-009,4.67542900319472e-005
1.46154684684685e+004	2.22183996991100e-009,4.71358960113136e-005
1.47155675675676e+004	2.25809141444005e-009,4.75188737857400e-005
1.48156666666667e+004	2.29476909075593e-009,4.79032385299209e-005
1.49157657657658e+004	2.33187767755861e-009,4.82890055681196e-005
1.50158648648649e+004	2.36942192733921e-009,4.86761903764576e-005
1.51159639639640e+004	2.40740666763058e-009,4.90648085852406e-005
1.52160630630631e+004	2.44583680228387e-009,4.94548759813229e-005
1.53161621621622e+004	2.48471731277162e-009,4.98464085105115e-005
1.54162612612613e+004	2.52405325951813e-009,5.02394222800089e-005
1.55163603603604e+004	2.56384978325752e-009,5.06339335608978e-005
1.56164594594595e+004	2.60411210642019e-009,5.10299587906660e-005
1.57165585585586e+004	2.64484553454872e-009,5.14275145757750e-005
1.58166576576577e+004	2.68605545774312e-009,5.18266176942703e-005
1.59167567567568e+004	2.72774735213697e-009,5.22272850984373e-005
1.60168558558559e+004	2.76992678140439e-009,5.26295339175013e-005
1.61169549549550e+004	2.81259939829938e-009,5.30333814603736e-005
1.62170540540541e+004	2.85577094622752e-009,5.34388452184447e-005
1.63171531531532e+004	2.89944726085125e-009,5.38459428684254e-005
1.64172522522523e+004	2.94363427172947e-009,5.42546922752366e-005
1.65173513513514e+004	2.98833800399229e-009,5.46651114949493e-005
1.66174504504505e+004	3.03356458005145e-009,5.50772187777755e-005
1.67175495495496e+004	3.07932022134788e-009,5.54910325711110e-005
1.68176486486487e+004	3.12561125013668e-009,5.59065715226317e-005
1.69177477477478e+004	3.17244409131089e-009,5.63238544834437e-005
1.70178468468469e+004	3.21982527426455e-009,5.67429005112896e-005
1.71179459459460e+004	3.26776143479656e-009,5.71637288738106e-005
1.72180450450451e+004	3.31625931705578e-009,5.75863590518670e-005
1.73181441441442e+004	3.36532577552871e-009,5.80108107429180e-005
1.74182432432433e+004	3.41496777707076e-009,5.84371038644608e-005
1.75183423423424e+004	3.46519240298204e-009,5.88652585575328e-005
1.76184414414415e+004	3.51600685112902e-009,5.92952951902758e-005
1.77185405405406e+004	3.56741843811280e-009,5.97272343615647e-005
1.78186396396397e+004	3.61943460148570e-009,6.01610969047026e-005
1.79187387387388e+004	3.67206290201684e-009,6.05969038911821e-005
1.80188378378379e+004	3.72531102600825e-009,6.10346766345163e-005
1.81189369369370e+004	3.77918678766271e-009,6.14744366941391e-005
1.82190360360361e+004	3.83369813150466e-009,6.19162058793781e-005
1.83191351351352e+004	3.88885313485536e-009,6.23600062534999e-005
1.84192342342342e+004	3.94466001036386e-009,6.28058601378311e-005
1.85193333333333e+004	4.00112710859512e-009,6.32537901159554e-005
1.86194324324324e+004	4.05826292067684e-009,6.37038190379891e-005
1.87195315315315e+004	4.11607608100627e-009,6.41559700249372e-005
1.88196306306306e+004	4.17457537001876e-009,6.46102664731302e-005
1.89197297297297e+004	4.23376971701959e-009,6.50667320587457e-005
1.90198288288288e+004	4.29366820308070e-009,6.55253907424150e-005
1.91199279279279e+004	4.35428006400391e-009,6.59862667739174e-005
1.92200270270270e+004	4.41561469335262e-009,6.64493846969635e-005
1.93201261261261e+004	4.47768164555342e-009,6.69147693540709e-005
1.94202252252252e+004	4.54049063906982e-009,6.73824458915329e-005
1.95203243243243e+004	4.60405155964966e-009,6.78524397644826e-005
1.96204234234234e+004	4.66837446364845e-009,6.83247767420558e-005
1.97205225225225e+004	4.73346958143024e-009,6.87994829126536e-005
1.98206216216216e+004	4.79934732084873e-009,6.92765846893075e-005
1.99207207207207e+004	4.86601827080994e-009,6.97561088151493e-005
2.00208198198198e+004	4.93349320491941e-009,7.02380823689886e-005
2.01209189189189e+004	5.00178308521549e-009,7.07225327710001e-005
2.02210180180180e+004	5.07089906599173e-009,7.12094877885225e-005
2.03211171171171e+004	5.14085249771013e-009,7.16989755419739e-005
2.04212162162162e+004	5.21165493100818e-009,7.21910245108832e-005
2.05213153153153e+004	5.28331812080199e-009,7.26856635400433e-005
2.06214144144144e+004	5.35585403048835e-009,7.31829218457872e-005
2.07215135135135e+004	5.42927483624795e-009,7.36828290223902e-005
2.08216126126126e+004	5.50359293145333e-009,7.41854150486013e-005
2.09217117117117e+004	5.57882093118371e-009,7.46907102943078e-005
2.10218108108108e+004	5.65497167684989e-009,7.51987455273343e-005
2.11219099099099e+004	5.73205824093255e-009,7.57095519203812e-005
2.12220090090090e+004	5.81009393183673e-009,7.62231610581053e-005
2.13221081081081e+004	5.88909229886596e-009,7.67396049443460e-005
2.14222072072072e+004	5.96906713731912e-009,7.72589160095003e-005
2.15223063063063e+004	6.05003249371415e-009,7.77811271180510e-005
2.16224054054054e+004	6.13200267114114e-009,7.83062715762512e-005
2.17225045045045e+004	6.21499223474955e-009,7.88343831399695e-005
2.18226036036036e+004	6.29901601737254e-009,7.93654960226986e-005
2.19227027027027e+004	6.38408912529288e-009,7.98996449037338e-005
2.20228018018018e+004	6.47022694415428e-009,8.04368649365224e-005
2.21229009009009e+004	6.55744514502200e-009,8.09771917571910e-005
2.22230000000000e+004	6.64575969059773e-009,8.15206614932539e-005
2.23230990990991e+004	6.73518684159276e-009,8.20673107725071e-005
2.24231981981982e+004	6.82574316326394e-009,8.26171767321127e-005
2.25232972972973e+004	6.91744553211750e-009,8.31702970278794e-005
2.26233963963964e+004	7.01031114278534e-009,8.37267098437417e-005
2.27234954954954e+004	7.10435751507934e-009,8.42864539014461e-005
2.28235945945945e+004	7.19960250122814e-009,8.48495684704469e-005
2.29236936936936e+004	7.29606429330257e-009,8.54160933780182e-005
2.30237927927927e+004	7.39376143083488e-009,8.59860690195873e-005
2.31238918918918e+004	7.49271280863779e-009,8.65595363692956e-005
2.32239909909909e+004	7.59293768482894e-009,8.71365369907928e-005
2.33240900900900e+004	7.69445568906745e-009,8.77171130482690e-005
2.34241891891891e+004	7.79728683100872e-009,8.83013073177341e-005
2.35242882882882e+004	7.90145150898368e-009,8.88891631985477e-005
2.36243873873873e+004	8.00697051891025e-009,8.94807247252079e-005
2.37244864864864e+004	8.11386506344299e-009,9.00760365794051e-005
2.38245855855855e+004	8.22215676136904e-009,9.06751441023485e-005
2.39246846846846e+004	8.33186765725757e-009,9.12780933073720e-005
2.40247837837837e+004	8.44302023137042e-009,9.18849308928266e-005
2.41248828828828e+004	8.55563740984247e-009,9.24957042552683e-005
2.42249819819819e+004	8.66974257513965e-009,9.31104615029476e-005
2.43250810810810e+004	8.78535957680324e-009,9.37292514696106e-005
2.44251801801801e+004	8.90251274249003e-009,9.43521237286189e-005
2.45252792792792e+004	9.02122688931686e-009,9.49791286073969e-005
2.46253783783783e+004	9.14152733551937e-009,9.56103172022166e-005
2.47254774774774e+004	9.26343991243553e-009,9.62457413933282e-005
2.48255765765765e+004	9.38699097682305e-009,9.68854538604455e-005
2.49256756756756e+004	9.51220742352245e-009,9.75295080985975e-005
2.50257747747747e+004	9.63911669847643e-009,9.81779584343553e-005
2.51258738738738e+004	9.76774681211667e-009,9.88308600424444e-005
2.52259729729729e+004	9.89812635313045e-009,9.94882689627537e-005
2.53260720720720e+004	1.00302845026192e-008,1.00150242117753e-004
2.54261711711711e+004	1.01642510486616e-008,1.00816837330330e-004
2.55262702702702e+004	1.03000564012944e-008,1.01488113342055e-004
2.56263693693693e+004	1.04377316079253e-008,1.02164129831894e-004
2.57264684684684e+004	1.05773083691910e-008,1.02844947435377e-004
2.58265675675675e+004	1.07188190552761e-008,1.03530627764229e-004
2.59266666666666e+004	1.08622967227080e-008,1.04221233426492e-004
2.60267657657657e+004	1.10077751316428e-008,1.04916828047140e-004
2.61268648648648e+004	1.11552887636602e-008,1.05617476289202e-004
2.62269639639639e+004	1.13048728400826e-008,1.06323243875413e-004
2.63270630630630e+004	1.14565633408380e-008,1.07034197610411e-004
2.64271621621621e+004	1.16103970238837e-008,1.07750405403480e-004
2.65272612612612e+004	1.17664114452106e-008,1.08471936291877e-004
2.66273603603603e+004	1.19246449794476e-008,1.09198860464741e-004
2.67274594594594e+004	1.20851368410870e-008,1.09931249287616e-004
2.68275585585585e+004	1.22479271063517e-008,1.10669175327598e-004
2.69276576576576e+004	1.24130567357278e-008,1.11412712379122e-004
2.70277567567566e+004	1.25805675971836e-008,1.12161935490419e-004
2.71278558558557e+004	1.27505024901008e-008,1.12916920990658e-004
2.72279549549548e+004	1.29229051699424e-008,1.13677746517785e-004
2.73280540540539e+004	1.30978203736819e-008,1.14444491047096e-004
2.74281531531530e+004	1.32752938460232e-008,1.15217234920557e-004
2.75282522522521e+004	1.34553723664374e-008,1.15996059876890e-004
2.76283513513512e+004	1.36381037770455e-008,1.16781049082463e-004
2.77284504504503e+004	1.38235370113787e-008,1.17572287162994e-004
2.78285495495494e+004	1.40117221240471e-008,1.18369860236102e-004
2.79286486486485e+004	1.42027103213496e-008,1.19173855944733e-004
2.80287477477476e+004	1.43965539928586e-008,1.19984363491480e-004
2.81288468468467e+004	1.45933067440165e-008,1.20801473673834e-004
2.82289459459458e+004	1.47930234297799e-008,1.21625278920394e-004
2.83290450450449e+004	1.49957601893503e-008,1.22455873328062e-004
2.84291441441440e+004	1.52015744820315e-008,1.23293352700258e-004
2.85292432432431e+004	1.54105251242563e-008,1.24137814586188e-004
2.86293423423422e+004	1.56226723278239e-008,1.24989358321197e-004
2.87294414414413e+004	1.58380777393962e-008,1.25848085068243e-004
2.88295405405404e+004	1.60568044812989e-008,1.26714097860533e-004
2.89296396396395e+004	1.62789171936759e-008,1.27587501645348e-004
2.90297387387386e+004	1.65044820780507e-008,1.28468403329110e-004
2.91298378378377e+004	1.67335669423462e-008,1.29356911823720e-004
2.92299369369368e+004	1.69662412474209e-008,1.30253138094218e-004
2.93300360360359e+004	1.72025761551776e-008,1.31157195207803e-004
2.94301351351350e+004	1.74426445783082e-008,1.32069198384260e-004
2.95302342342341e+004	1.76865212317357e-008,1.32989265047848e-004
2.96303333333332e+004	1.79342826858219e-008,1.33917514880688e-004
2.97304324324323e+004	1.81860074214080e-008,1.34854069877707e-004
2.98305315315314e+004	1.84417758867629e-008,1.35799054403194e-004
2.99306306306305e+004	1.87016705565128e-008,1.36752595249019e-004
3.00307297297296e+004	1.89657759926319e-008,1.37714821694573e-004
3.01308288288287e+004	1.92341789075770e-008,1.38685865568490e-004
3.02309279279278e+004	1.95069682296517e-008,1.39665861312216e-004
3.03310270270269e+004	1.97842351706916e-008,1.40654946045483e-004
3.04311261261260e+004	2.00660732961623e-008,1.41653259633758e-004
3.05312252252251e+004	2.03525785977724e-008,1.42660944757740e-004
3.06313243243242e+004	2.06438495687018e-008,1.43678146984976e-004
3.07314234234233e+004	2.09399872815541e-008,1.44705014843667e-004
3.08315225225224e+004	2.12410954691477e-008,1.45741699898751e-004
3.09316216216215e+004	2.15472806082609e-008,1.46788356830339e-004
3.10317207207206e+004	2.18586520064580e-008,1.47845143514591e-004
3.11318198198197e+004	2.21753218921239e-008,1.48912221107127e-004
3.12319189189187e+004	2.24974055078444e-008,1.49989754129051e-004
3.13320180180178e+004	2.28250212072740e-008,1.51077910555699e-004
3.14321171171169e+004	2.31582905556411e-008,1.52176861908215e-004
3.15322162162160e+004	2.34973384340461e-008,1.53286783348034e-004
3.16323153153151e+004	2.38422931477175e-008,1.54407853774420e-004
3.17324144144142e+004	2.41932865383974e-008,1.55540255925136e-004
3.18325135135133e+004	2.45504541010378e-008,1.56684176480394e-004
3.19326126126124e+004	2.49139351049960e-008,1.57839806170194e-004
3.20327117117115e+004	2.52838727199290e-008,1.59007339885182e-004
3.21328108108106e+004	2.56604141465951e-008,1.60186976791173e-004
3.22329099099097e+004	2.60437107527829e-008,1.61378920447474e-004
3.23330090090088e+004	2.64339182145961e-008,1.62583378929147e-004
3.24331081081079e+004	2.68311966633391e-008,1.63800564953382e-004
3.25332072072070e+004	2.72357108382546e-008,1.65030696010138e-004
3.26333063063061e+004	2.76476302453833e-008,1.66273994497202e-004
3.27334054054052e+004	2.80671293228257e-008,1.67530687859876e-004
3.28335045045043e+004	2.84943876127020e-008,1.68801008735447e-004
3.29336036036034e+004	2.89295899401207e-008,1.70085195102646e-004
3.30337027027025e+004	2.93729265994860e-008,1.71383490436298e-004
3.31338018018016e+004	2.98245935484866e-008,1.72696143867375e-004
3.32339009009007e+004	3.02847926101290e-008,1.74023410348666e-004
3.33339999999998e+004	3.07537316832006e-008,1.75365550826306e-004
3.34340990990989e+004	3.12316249615634e-008,1.76722832417400e-004
3.35341981981980e+004	3.17186931627042e-008,1.78095528593997e-004
3.36342972972971e+004	3.22151637659901e-008,1.79483919373687e-004
3.37343963963962e+004	3.27212712611011e-008,1.80888291517088e-004
3.38344954954953e+004	3.32372574071390e-008,1.82308938732527e-004
3.39345945945944e+004	3.37633715029398e-008,1.83746161888221e-004
3.40346936936935e+004	3.42998706691435e-008,1.85200269232275e-004
3.41347927927926e+004	3.48470201426099e-008,1.86671576620838e-004
3.42348918918917e+004	3.54050935837998e-008,1.88160407754774e-004
3.43349909909908e+004	3.59743733977767e-008,1.89667094425222e-004
3.44350900900899e+004	3.65551510695220e-008,1.91191976768428e-004
3.45351891891890e+004	3.71477275142953e-008,1.92735403530272e-004
3.46352882882881e+004	3.77524134438162e-008,1.94297732340916e-004
3.47353873873872e+004	3.83695297490865e-008,1.95879330000032e-004
3.48354864864863e+004	3.89994079007203e-008,1.97480572773082e-004
3.49355855855854e+004	3.96423903677032e-008,1.99101846699159e-004
3.50356846846845e+004	4.02988310555520e-008,2.00743547910914e-004
3.51357837837836e+004	4.09690957649091e-008,2.02406082967137e-004
3.52358828828827e+004	4.16535626716644e-008,2.04089869198563e-004
3.53359819819818e+004	4.23526228297648e-008,2.05795335067532e-004
3.54360810810809e+004	4.30666806979439e-008,2.07522920542154e-004
3.55361801801800e+004	4.37961546916772e-008,2.09273077485666e-004
3.56362792792791e+004	4.45414777617508e-008,2.11046270061697e-004
3.57363783783781e+004	4.53030980009166e-008,2.12842975156221e-004
3.58364774774772e+004	4.60814792802018e-008,2.14663682816990e-004
3.59365765765763e+004	4.68771019165355e-008,2.16508896711304e-004
3.60366756756754e+004	4.76904633734641e-008,2.18379134603017e-004
3.61367747747745e+004	4.85220789968396e-008,2.20274928849729e-004
3.62368738738736e+004	4.93724827874857e-008,2.22196826921170e-004
3.63369729729727e+004	5.02422282129759e-008,2.24145391939829e-004
3.64370720720718e+004	5.11318890608020e-008,2.26121203244953e-004
3.65371711711709e+004	5.20420603353531e-008,2.28124856981119e-004
3.66372702702700e+004	5.29733592012942e-008,2.30156966712608e-004
3.67373693693691e+004	5.39264259761014e-008,2.32218164064933e-004
3.68374684684682e+004	5.49019251746968e-008,2.34309099394925e-004
3.69375675675673e+004	5.59005466093272e-008,2.36430442490871e-004
3.70376666666664e+004	5.69230065480449e-008,2.38582883304284e-004
3.71377657657655e+004	5.79700489353797e-008,2.40767132714992e-004
3.72378648648646e+004	5.90424466790391e-008,2.42983923331331e-004
3.73379639639637e+004	6.01410030067453e-008,2.45234010327322e-004
3.74380630630628e+004	6.12665528976022e-008,2.47518172318857e-004
3.75381621621619e+004	6.24199645927019e-008,2.49837212281024e-004
3.76382612612610e+004	6.36021411900138e-008,2.52191958508844e-004
3.77383603603601e+004	6.48140223289651e-008,2.54583265623835e-004
3.78384594594592e+004	6.60565859705130e-008,2.57012015628973e-004
3.79385585585583e+004	6.73308502789372e-008,2.59479119014789e-004
3.80386576576574e+004	6.86378756120345e-008,2.61985515919517e-004
3.81387567567565e+004	6.99787666269055e-008,2.64532177346401e-004
3.82388558558556e+004	7.13546745090517e-008,2.67120106441464e-004
3.83389549549547e+004	7.27667993330946e-008,2.69750339835291e-004
3.84390540540538e+004	7.42163925640592e-008,2.72423949052576e-004
3.85391531531529e+004	7.57047597088537e-008,2.75142041993486e-004
3.86392522522520e+004	7.72332631283235e-008,2.77905764491115e-004
3.87393513513511e+004	7.88033250210750e-008,2.80716301949663e-004
3.88394504504502e+004	8.04164305911446e-008,2.83574881068230e-004
3.89395495495493e+004	8.20741314125541e-008,2.86482771655521e-004
3.90396486486484e+004	8.37780490048406e-008,2.89441288541084e-004
3.91397477477475e+004	8.55298786347939e-008,2.92451793589131e-004
3.92398468468466e+004	8.73313933608803e-008,2.95515697821434e-004
3.93399459459457e+004	8.91844483381940e-008,2.98634463656234e-004
3.94400450450448e+004	9.10909854032643e-008,3.01809607270643e-004
3.95401441441439e+004	9.30530379596747e-008,3.05042701094550e-004
3.96402432432430e+004	9.50727361872294e-008,3.08335376444656e-004
3.97403423423421e+004	9.71523125993523e-008,3.11689326307910e-004
3.98404414414412e+004	9.92941079755399e-008,3.15106308284321e-004
3.99405405405402e+004	1.01500577698038e-007,3.18588147699909e-004
4.00406396396393e+004	1.03774298524478e-007,3.22136740901363e-004
4.01407387387384e+004	1.06117975831052e-007,3.25754058744925e-004
4.02408378378375e+004	1.08534451363896e-007,3.29442150292968e-004
4.03409369369366e+004	1.11026711539804e-007,3.33203146732853e-004
4.04410360360357e+004	1.13597896341149e-007,3.37039265533814e-004
4.05411351351348e+004	1.16251308854052e-007,3.40952814858899e-004
4.06412342342339e+004	1.18990425503465e-007,3.44946198250434e-004
4.07413333333330e+004	1.21818907043877e-007,3.49021919608980e-004
4.08414324324321e+004	1.24740610370003e-007,3.53182588487472e-004
4.09415315315312e+004	1.27759601218026e-007,3.57430925724059e-004
4.10416306306303e+004	1.30880167834877e-007,3.61769769439189e-004
4.11417297297294e+004	1.34106835700684e-007,3.66202081424750e-004
4.12418288288285e+004	1.37444383398039e-007,3.70730953955447e-004
4.13419279279276e+004	1.40897859731195e-007,3.75359617055389e-004
4.14420270270267e+004	1.44472602208857e-007,3.80091446255729e-004
4.15421261261258e+004	1.48174257015941e-007,3.84929970882550e-004
4.16422252252249e+004	1.52008800612851e-007,3.89878882917742e-004
4.17423243243240e+004	1.55982563115416e-007,3.94942046479643e-004
4.18424234234231e+004	1.60102253625082e-007,4.00123507974598e-004
4.19425225225222e+004	1.64374987697264e-007,4.05427506975506e-004
4.20426216216213e+004	1.68808317156439e-007,4.10858487888817e-004
4.21427207207204e+004	1.73410262489641e-007,4.16421112477464e-004
4.22428198198195e+004	1.78189348076111e-007,4.22120273313905e-004
4.23429189189186e+004	1.83154640540127e-007,4.27961108244862e-004
4.24430180180177e+004	1.88315790547176e-007,4.33949015957680e-004
4.25431171171168e+004	1.93683078400931e-007,4.40089672747397e-004
4.26432162162159e+004	1.99267463840842e-007,4.46389050594043e-004
4.27433153153150e+004	2.05080640487973e-007,4.52853436671135e-004
4.28434144144141e+004	2.11135095441139e-007,4.59489454419375e-004
4.29435135135132e+004	2.17444174587141e-007,4.66304086334021e-004
4.30436126126123e+004	2.24022154259279e-007,4.73304698630756e-004
4.31437117117114e+004	2.30884319958530e-007,4.80499067973226e-004
4.32438108108105e+004	2.38047052943473e-007,4.87895410466136e-004
4.33439099099096e+004	2.45527925599946e-007,4.95502413141161e-004
4.34440090090087e+004	2.53345806621760e-007,5.03329268189360e-004
4.35441081081078e+004	2.61520977171962e-007,5.11385710223718e-004
4.36442072072069e+004	2.70075259353332e-007,5.19682056889432e-004
4.37443063063060e+004	2.79032158500215e-007,5.28229253178151e-004
4.38444054054051e+004	2.88417021015975e-007,5.37038919846408e-004
4.39445045045042e+004	2.98257209725967e-007,5.46123406388648e-004
4.40446036036033e+004	3.08582299001128e-007,5.55495849072658e-004
4.41447027027024e+004	3.19424292239035e-007,5.65170234610969e-004
4.42448018018014e+004	3.30817864676121e-007,5.75161470117258e-004
4.43449009009005e+004	3.42800634957031e-007,5.85485460083685e-004
4.44449999999996e+004	3.55413469416883e-007,5.96159191215172e-004
4.45450990990987e+004	3.68700823654841e-007,6.07200826072456e-004
4.46451981981978e+004	3.82711126710559e-007,6.18629806609793e-004
4.47452972972969e+004	3.97497214021188e-007,6.30466968848933e-004
4.48453963963960e+004	4.13116816362353e-007,6.42734670112297e-004
4.49454954954951e+004	4.29633113195063e-007,6.55456930449950e-004
4.50455945945942e+004	4.47115360292271e-007,6.68659590142664e-004
4.51456936936933e+004	4.65639603254072e-007,6.82370485454213e-004
4.52457927927924e+004	4.85289490601094e-007,6.96619645148323e-004
4.53458918918915e+004	5.06157202638956e-007,7.11439510689973e-004
4.54459909909906e+004	5.28344515308693e-007,7.26865183529431e-004
4.55460900900897e+004	5.51964021900119e-007,7.42934703436542e-004
4.56461891891888e+004	5.77140539958660e-007,7.59689362531004e-004
4.57462882882879e+004	6.04012736154505e-007,7.77174060466337e-004
4.58463873873870e+004	6.32735008549800e-007,7.95437707200034e-004
4.59464864864861e+004	6.63479673908393e-007,8.14533680957795e-004
4.60465855855852e+004	6.96439517843649e-007,8.34520350422224e-004
4.61466846846843e+004	7.31830778211840e-007,8.55461671905421e-004
4.62467837837834e+004	7.69896647902879e-007,8.77427874375329e-004
4.63468828828825e+004	8.10911402934796e-007,9.00496247793668e-004
4.64469819819816e+004	8.55185286675712e-007,9.24752053411797e-004
4.65470810810807e+004	9.03070312620611e-007,9.50289578618779e-004
4.66471801801798e+004	9.54967188467534e-007,9.77213363849821e-004
4.67472792792789e+004	1.01133361598596e-006,1.00563963521312e-003
4.68473783783780e+004	1.07269428801673e-006,1.03569798423409e-003
4.69474774774771e+004	1.13965299087827e-006,1.06753334591911e-003
4.70475765765762e+004	1.21290733432228e-006,1.10130833883528e-003
4.71476756756753e+004	1.29326678145331e-006,1.13720604693489e-003
4.72477747747744e+004	1.38167485091997e-006,1.17543334357282e-003
4.73478738738735e+004	1.47923663183695e-006,1.21622488514491e-003
4.74479729729726e+004	1.58725311484367e-006,1.25984793719197e-003
4.75480720720717e+004	1.70726433864866e-006,1.30660824270201e-003
4.76481711711708e+004	1.84110403598133e-006,1.35685720498673e-003
4.77482702702699e+004	1.99096941808465e-006,1.41100074201797e-003
4.78483693693690e+004	2.15951108523706e-006,1.46951028430636e-003
4.79484684684681e+004	2.34994997785672e-006,1.53293654719297e-003
4.80485675675672e+004	2.56623107389068e-006,1.60192692993448e-003
4.81486666666663e+004	2.81322763947835e-006,1.67724770698752e-003
4.82487657657654e+004	3.09701596081840e-006,1.75981262546781e-003
4.83488648648645e+004	3.42524977601719e-006,1.85072017538495e-003
4.84489639639636e+004	3.80767799011391e-006,1.95130276456540e-003
4.85490630630626e+004	4.25687191676796e-006,2.06319248399018e-003
4.86491621621617e+004	4.78926483697637e-006,2.18841038263733e-003
4.87492612612608e+004	5.42666706573662e-006,2.32948967769259e-003
4.88493603603599e+004	6.19852228362965e-006,2.48964896748603e-003
4.89494594594590e+004	7.14535041029927e-006,2.67304083933808e-003
4.90495585585581e+004	8.32414738771845e-006,2.88511715369377e-003
4.91496576576572e+004	9.81712409941927e-006,3.13318030967847e-003
4.92497567567563e+004	1.17463701855249e-005,3.42724120698556e-003
4.93498558558554e+004	1.42995197439348e-005,3.78140331478172e-003
4.94499549549545e+004	1.77769697806970e-005,4.21619206567848e-003
4.95500540540536e+004	2.26841140699382e-005,4.76267958931218e-003
4.96501531531527e+004	2.99252440001720e-005,5.47025701280763e-003
4.97502522522518e+004	4.12506727549165e-005,6.42246786536911e-003
4.98503513513509e+004	6.04197142653783e-005,7.77269439930724e-003
4.99504504504500e+004	9.67663305947851e-005,9.83640727388589e-003
5.00505495495491e+004	1.79116490992526e-004,1.33820998863068e-002
5.01506486486482e+004	4.36983752022508e-004,2.08993660165602e-002
5.02507477477473e+004	2.26348889105923e-003,4.75217566045892e-002
5.03508468468464e+004	2.90317459489862e-002,-1.67893674665127e-001
5.04509459459455e+004	9.45366812098480e-004,-3.07319537278306e-002
5.05510450450446e+004	2.85441474630323e-004,-1.68924221087810e-002
5.06511441441437e+004	1.35819631867162e-004,-1.16532525578417e-002
5.07512432432428e+004	7.91919113285710e-005,-8.89853668146153e-003
5.08513423423419e+004	5.18412837382179e-005,-7.19982591712806e-003
5.09514414414410e+004	3.65753362162046e-005,-6.04757970422048e-003
5.10515405405401e+004	2.71938480346645e-005,-5.21464571654609e-003
5.11516396396392e+004	2.10180159857261e-005,-4.58444402806002e-003
5.12517387387383e+004	1.67368137490007e-005,-4.09098735432200e-003
5.13518378378374e+004	1.36470190117511e-005,-3.69412268538747e-003
5.14519369369365e+004	1.13439001217434e-005,-3.36801574866146e-003
5.15520360360356e+004	9.58112111251548e-006,-3.09529085310738e-003
5.16521351351347e+004	8.20176969672949e-006,-2.86383098762443e-003
5.17522342342338e+004	7.10204476122443e-006,-2.66492837015637e-003
5.18523333333329e+004	6.21105327140006e-006,-2.49216422953211e-003
5.19524324324320e+004	5.47903736412198e-006,-2.34070305068557e-003
5.20525315315311e+004	4.87023822538217e-006,-2.20683277261250e-003
5.21526306306302e+004	4.35842109468317e-006,-2.08765642969766e-003
5.22527297297293e+004	3.92398474114462e-006,-1.98088007113698e-003
5.23528288288284e+004	3.55204516087304e-006,-1.88466362251390e-003
5.24529279279275e+004	3.23113549035995e-006,-1.79751392317902e-003
5.25530270270266e+004	2.95230562456437e-006,-1.71820665077837e-003
5.26531261261257e+004	2.70848700516657e-006,-1.64572842325449e-003
5.27532252252247e+004	2.49403692860538e-006,-1.57923324588190e-003
5.28533243243238e+004	2.30440663853934e-006,-1.51800932123754e-003
5.29534234234229e+004	2.13589620722579e-006,-1.46145345513975e-003
5.30535225225220e+004	1.98547120149684e-006,-1.40905110490416e-003
5.31536216216211e+004	1.85062395188091e-006,-1.36036067016507e-003
5.32537207207202e+004	1.72926743824531e-006,-1.31500100978593e-003
5.33538198198193e+004	1.61965331169362e-006,-1.27264143749966e-003
5.34539189189184e+004	1.52030797501208e-006,-1.23299364044822e-003
5.35540180180175e+004	1.42998231327482e-006,-1.19580510281447e-003
5.36541171171166e+004	1.34761184116056e-006,-1.16085371736518e-003
5.37542162162157e+004	1.27228487052161e-006,-1.12794334188287e-003
5.38543153153148e+004	1.20321690472227e-006,-1.09690011267041e-003
5.39544144144139e+004	1.13972990524019e-006,-1.06756936879971e-003
5.40545135135130e+004	1.08123539877029e-006,-1.03981307223043e-003
5.41546126126121e+004	1.02722063256682e-006,-1.01350763297148e-003
5.42547117117112e+004	9.77237165032880e-007,-9.88542066986871e-004
5.43548108108103e+004	9.30891413868394e-007,-9.64816428928671e-004
5.44549099099094e+004	8.87836786997523e-007,-9.42240473022077e-004
5.45550090090085e+004	8.47767100346211e-007,-9.20732504272031e-004
5.46551081081076e+004	8.10411047376421e-007,-9.00218389163970e-004
5.47552072072067e+004	7.75527532532614e-007,-8.80630700608905e-004
5.48553063063058e+004	7.42901717682321e-007,-8.61907976350221e-004
5.49554054054049e+004	7.12341659665356e-007,-8.43994073647236e-004
5.50555045045040e+004	6.83675440021598e-007,-8.26837605962030e-004
5.51556036036031e+004	6.56748706217309e-007,-8.10391449744516e-004
5.52557027027022e+004	6.31422558273208e-007,-7.94612311345652e-004
5.53558018018013e+004	6.07571726409589e-007,-7.79460345677197e-004
5.54559009009004e+004	5.85082994773684e-007,-7.64898819545484e-004
5.55559999999995e+004	5.63853833974444e-007,-7.50893813670389e-004
5.56560990990986e+004	5.43791211385406e-007,-7.37413958300842e-004
5.57561981981977e+004	5.24810553274076e-007,-7.24430198089193e-004
5.58562972972968e+004	5.06834836999938e-007,-7.11915582515150e-004
5.59563963963959e+004	4.89793794970480e-007,-6.99845078677893e-004
5.60564954954950e+004	4.73623214895244e-007,-6.88195403719770e-004
5.61565945945941e+004	4.58264323243842e-007,-6.76944874521073e-004
5.62566936936932e+004	4.43663240784016e-007,-6.66073272624239e-004
5.63567927927923e+004	4.29770500722064e-007,-6.55561722617119e-004
5.64568918918914e+004	4.16540621347711e-007,-6.45392582436281e-004
5.65569909909905e+004	4.03931726245632e-007,-6.35549344249208e-004
5.66570900900896e+004	3.91905206114120e-007,-6.26016544743985e-004
5.67571891891887e+004	3.80425417058781e-007,-6.16779683801020e-004
5.68572882882878e+004	3.69459410930657e-007,-6.07825150647058e-004
5.69573873873869e+004	3.58976693874952e-007,-5.99140156700576e-004
5.70574864864859e+004	3.48949009765010e-007,-5.90712674411635e-004
5.71575855855850e+004	3.39350145631087e-007,-5.82531381481135e-004
5.72576846846841e+004	3.30155756565778e-007,-5.74585609915394e-004
5.73577837837832e+004	3.21343207907959e-007,-5.66865299434036e-004
5.74578828828823e+004	3.12891432782366e-007,-5.59360954803274e-004
5.75579819819814e+004	3.04780803309511e-007,-5.52063606714118e-004
5.76580810810805e+004	2.96993014005992e-007,-5.44964775866558e-004
5.77581801801796e+004	2.89510976073142e-007,-5.38056439957364e-004
5.78582792792787e+004	2.82318721426498e-007,-5.31331003301268e-004
5.79583783783778e+004	2.75401315452835e-007,-5.24781268843662e-004
5.80584774774769e+004	2.68744777598692e-007,-5.18400412348024e-004
5.81585765765760e+004	2.62336008996506e-007,-5.12181958563426e-004
5.82586756756751e+004	2.56162726423966e-007,-5.06119759197178e-004
5.83587747747742e+004	2.50213401970510e-007,-5.00207972535052e-004
5.84588738738733e+004	2.44477207853774e-007,-4.94441044567114e-004
5.85589729729724e+004	2.38943965889231e-007,-4.88813691490951e-004
5.86590720720715e+004	2.33604101169600e-007,-4.83320883476442e-004
5.87591711711706e+004	2.28448599557561e-007,-4.77957829587205e-004
5.88592702702697e+004	2.23468968636900e-007,-4.72719963763721e-004
5.89593693693688e+004	2.18657201803919e-007,-4.67602931781913e-004
5.90594684684679e+004	2.14005745213533e-007,-4.62602579108918e-004
5.91595675675670e+004	2.09507467323371e-007,-4.57714939584831e-004
5.92596666666661e+004	2.05155630804917e-007,-4.52936224865635e-004
5.93597657657652e+004	2.00943866613540e-007,-4.48262814568250e-004
5.94598648648643e+004	1.96866150029695e-007,-4.43691247063814e-004
5.95599639639634e+004	1.92916778501700e-007,-4.39218210869994e-004
5.96600630630625e+004	1.89090351136794e-007,-4.34840536597349e-004
5.97601621621616e+004	1.85381749701668e-007,-4.30555189408567e-004
5.98602612612607e+004	1.81786121006720e-007,-4.26359261952885e-004
5.99603603603598e+004	1.78298860559918e-007,-4.22249967741112e-004
6.00604594594589e+004	1.74915597386683e-007,-4.18224634929536e-004
6.01605585585580e+004	1.71632179921571e-007,-4.14280700483563e-004
6.02606576576571e+004	1.68444662886082e-007,-4.10415704694317e-004
6.03607567567562e+004	1.65349295074495e-007,-4.06627286023513e-004
6.04608558558553e+004	1.62342507976560e-007,-4.02913176253949e-004
6.05609549549544e+004	1.59420905172095e-007,-3.99271195924630e-004
6.06610540540535e+004	1.56581252438127e-007,-3.95699250031272e-004
6.07611531531526e+004	1.53820468514358e-007,-3.92195323974327e-004
6.08612522522517e+004	1.51135616477277e-007,-3.88757479738081e-004
6.09613513513508e+004	1.48523895677473e-007,-3.85383852285580e-004
6.10614504504499e+004	1.45982634198462e-007,-3.82072646155313e-004
6.11615495495490e+004	1.43509281798770e-007,-3.78822132246581e-004
6.12616486486481e+004	1.41101403302194e-007,-3.75630644781474e-004
6.13617477477471e+004	1.38756672403942e-007,-3.72496578432225e-004
6.14618468468462e+004	1.36472865862996e-007,-3.69418385603552e-004
6.15619459459453e+004	1.34247858053391e-007,-3.66394573860299e-004
6.16620450450444e+004	1.32079615849233e-007,-3.63423703491401e-004
6.17621441441435e+004	1.29966193820292e-007,-3.60504385201828e-004
6.18622432432426e+004	1.27905729716765e-007,-3.57635277924712e-004
6.19623423423417e+004	1.25896440223467e-007,-3.54815086746435e-004
6.20624414414408e+004	1.23936616965213e-007,-3.52042560937928e-004
6.21625405405399e+004	1.22024622746527e-007,-3.49316492085884e-004
6.22626396396390e+004	1.20158888010079e-007,-3.46635712318031e-004
6.23627387387381e+004	1.18337907499414e-007,-3.43999092616978e-004
6.24628378378372e+004	1.16560237112599e-007,-3.41405541217523e-004
6.25629369369363e+004	1.14824490934385e-007,-3.38854002082645e-004
6.26630360360354e+004	1.13129338435398e-007,-3.36343453453701e-004
6.27631351351345e+004	1.11473501827683e-007,-3.33872906470664e-004
6.28632342342336e+004	1.09855753566682e-007,-3.31441403858459e-004
6.29633333333327e+004	1.08274913990463e-007,-3.29048018675764e-004
6.30634324324318e+004	1.06729849087615e-007,-3.26691853122811e-004
6.31635315315309e+004	1.05219468385855e-007,-3.24372037404978e-004
6.32636306306300e+004	1.03742722953941e-007,-3.22087728649158e-004
6.33637297297291e+004	1.02298603509968e-007,-3.19838109870041e-004
6.34638288288282e+004	1.00886138629636e-007,-3.17622388983687e-004
6.35639279279273e+004	9.95043930484676e-008,-3.15439797865839e-004
6.36640270270264e+004	9.81524660523964e-008,-3.13289591452669e-004
6.37641261261255e+004	9.68294899514905e-008,-3.11171046881711e-004
6.38642252252246e+004	9.55346286319365e-008,-3.09083462670919e-004
6.39643243243237e+004	9.42670761817249e-008,-3.07026157933888e-004
6.40644234234228e+004	9.30260555857737e-008,-3.04998471629383e-004
6.41645225225219e+004	9.18108174865046e-008,-3.02999761843456e-004
6.42646216216210e+004	9.06206390061397e-008,-3.01029405102491e-004
6.43647207207201e+004	8.94548226272274e-008,-2.99086795715656e-004
6.44648198198192e+004	8.83126951281245e-008,-2.97171345145283e-004
6.45649189189183e+004	8.71936065703690e-008,-2.95282481403819e-004
6.46650180180174e+004	8.60969293350679e-008,-2.93419648476037e-004
6.47651171171165e+004	8.50220572056031e-008,-2.91582305765285e-004
6.48652162162156e+004	8.39684044941255e-008,-2.89769927562620e-004
6.49653153153147e+004	8.29354052094605e-008,-2.87982002537716e-004
6.50654144144138e+004	8.19225122641918e-008,-2.86218033250533e-004
6.51655135135129e+004	8.09291967188287e-008,-2.84477535682744e-004
6.52656126126120e+004	7.99549470610824e-008,-2.82760038788010e-004
6.53657117117111e+004	7.89992685183980e-008,-2.81065084060214e-004
6.54658108108102e+004	7.80616824019986e-008,-2.79392225118828e-004
6.55659099099093e+004	7.71417254807950e-008,-2.77741027310626e-004
6.56660090090084e+004	7.62389493836203e-008,-2.76111067326989e-004
6.57661081081075e+004	7.53529200283257e-008,-2.74501932836103e-004
6.58662072072065e+004	7.44832170763704e-008,-2.72913222129377e-004
6.59663063063056e+004	7.36294334116056e-008,-2.71344543781432e-004
6.60664054054047e+004	7.27911746420364e-008,-2.69795516323078e-004
6.61665045045038e+004	7.19680586234054e-008,-2.68265767926683e-004
6.62666036036029e+004	7.11597150035136e-008,-2.66754936103406e-004
6.63667027027020e+004	7.03657847862496e-008,-2.65262667411760e-004
6.64668018018011e+004	6.95859199143591e-008,-2.63788617177034e-004
6.65669009009002e+004	6.88197828700365e-008,-2.62332449221076e-004
6.66669999999993e+004	6.80670462924736e-008,-2.60893835602024e-004
6.67670990990984e+004	6.73273926115457e-008,-2.59472456363543e-004
6.68671981981975e+004	6.66005136968604e-008,-2.58067999293160e-004
6.69672972972966e+004	6.58861105214356e-008,-2.56680159689336e-004
6.70673963963957e+004	6.51838928393134e-008,-2.55308640136883e-004
6.71674954954948e+004	6.44935788764519e-008,-2.53953150290402e-004
6.72675945945939e+004	6.38148950342727e-008,-2.52613406665394e-004
6.73676936936930e+004	6.31475756052749e-008,-2.51289132436733e-004
6.74677927927921e+004	6.24913625001561e-008,-2.49980057244207e-004
6.75678918918912e+004	6.18460049859098e-008,-2.48685917004827e-004
6.76679909909903e+004	6.12112594343978e-008,-2.47406453731642e-004
6.77680900900894e+004	6.05868890809205e-008,-2.46141415358793e-004
6.78681891891885e+004	5.99726637923304e-008,-2.44890555572557e-004
6.79682882882876e+004	5.93683598442633e-008,-2.43653633648144e-004
6.80683873873867e+004	5.87737597070744e-008,-2.42430414292019e-004
6.81684864864858e+004	5.81886518400965e-008,-2.41220667489534e-004
6.82685855855849e+004	5.76128304938478e-008,-2.40024168357659e-004
6.83686846846840e+004	5.70460955198433e-008,-2.38840697002619e-004
6.84687837837831e+004	5.64882521876732e-008,-2.37670038382241e-004
6.85688828828822e+004	5.59391110090357e-008,-2.36511982172834e-004
6.86689819819813e+004	5.53984875684204e-008,-2.35366322640435e-004
6.87690810810804e+004	5.48662023601577e-008,-2.34232858516236e-004
6.88691801801795e+004	5.43420806315601e-008,-2.33111392876060e-004
6.89692792792786e+004	5.38259522318982e-008,-2.32001733023710e-004
6.90693783783777e+004	5.33176514669608e-008,-2.30903690378063e-004
6.91694774774768e+004	5.28170169589685e-008,-2.29817080363759e-004
6.92695765765759e+004	5.23238915116115e-008,-2.28741722305356e-004
6.93696756756750e+004	5.18381219800020e-008,-2.27677439324830e-004
6.94697747747741e+004	5.13595591453348e-008,-2.26624058242285e-004
6.95698738738732e+004	5.08880575940632e-008,-2.25581409479760e-004
6.96699729729723e+004	5.04234756014043e-008,-2.24549326968034e-004
6.97700720720714e+004	4.99656750189974e-008,-2.23527648056295e-004
6.98701711711705e+004	4.95145211665467e-008,-2.22516213424602e-004
6.99702702702696e+004	4.90698827272864e-008,-2.21514866999008e-004
7.00703693693687e+004	4.86316316471163e-008,-2.20523455869276e-004
7.01704684684677e+004	4.81996430372593e-008,-2.19541830209081e-004
7.02705675675668e+004	4.77737950803020e-008,-2.18569843198617e-004
7.03706666666659e+004	4.73539689394839e-008,-2.17607350949521e-004
7.04707657657650e+004	4.69400486711060e-008,-2.16654212432039e-004
7.05708648648641e+004	4.65319211399396e-008,-2.15710289404351e-004
7.06709639639632e+004	4.61294759375145e-008,-2.14775446343982e-004
7.07710630630623e+004	4.57326053031780e-008,-2.13849550381229e-004
7.08711621621614e+004	4.53412040478153e-008,-2.12932471234536e-004
7.09712612612605e+004	4.49551694801310e-008,-2.12024081147747e-004
7.10713603603596e+004	4.45744013353915e-008,-2.11124254829176e-004
7.11714594594587e+004	4.41988017065374e-008,-2.10232869392431e-004
7.12715585585578e+004	4.38282749775730e-008,-2.09349804298946e-004
7.13716576576569e+004	4.34627277591496e-008,-2.08474941302132e-004
7.14717567567560e+004	4.31020688262589e-008,-2.07608164393137e-004
7.15718558558551e+004	4.27462090579582e-008,-2.06749359748127e-004
7.16719549549542e+004	4.23950613790515e-008,-2.05898415677050e-004
7.17720540540533e+004	4.20485407036545e-008,-2.05055222573840e-004
7.18721531531524e+004	4.17065638805741e-008,-2.04219672868010e-004
7.19722522522515e+004	4.13690496404355e-008,-2.03391660977580e-004
7.20723513513506e+004	4.10359185444933e-008,-2.02571083263316e-004
7.21724504504497e+004	4.07070929350663e-008,-2.01757837984218e-004
7.22725495495488e+004	4.03824968875353e-008,-2.00951825254234e-004
7.23726486486479e+004	4.00620561638502e-008,-2.00152947000147e-004
7.24727477477470e+004	3.97456981674901e-008,-1.99361106920606e-004
7.25728468468461e+004	3.94333518998256e-008,-1.98576210446267e-004
7.26729459459452e+004	3.91249479178341e-008,-1.97798164700999e-004
7.27730450450443e+004	3.88204182931187e-008,-1.97026878464134e-004
7.28731441441434e+004	3.85196965721867e-008,-1.96262262133719e-004
7.29732432432425e+004	3.82227177379414e-008,-1.95504227690745e-004
7.30733423423416e+004	3.79294181723474e-008,-1.94752688664314e-004
7.31734414414407e+004	3.76397356202264e-008,-1.94007560097737e-004
7.32735405405398e+004	3.73536091541460e-008,-1.93268758515498e-004
7.33736396396389e+004	3.70709791403630e-008,-1.92536201891099e-004
7.34737387387380e+004	3.67917872057851e-008,-1.91809809615727e-004
7.35738378378371e+004	3.65159762059170e-008,-1.91089502467736e-004
7.36739369369362e+004	3.62434901937568e-008,-1.90375202582909e-004
7.37740360360353e+004	3.59742743896102e-008,-1.89666833425492e-004
7.38741351351344e+004	3.57082751517928e-008,-1.88964319759952e-004
7.39742342342335e+004	3.54454399481898e-008,-1.88267587623466e-004
7.40743333333326e+004	3.51857173286441e-008,-1.87576564299098e-004
7.41744324324317e+004	3.49290568981469e-008,-1.86891178289657e-004
7.42745315315308e+004	3.46754092908020e-008,-1.86211359292201e-004
7.43746306306299e+004	3.44247261445403e-008,-1.85537038173191e-004
7.44747297297289e+004	3.41769600765586e-008,-1.84868146944253e-004
7.45748288288280e+004	3.39320646594595e-008,-1.84204618738544e-004
7.46749279279271e+004	3.36899943980693e-008,-1.83546387787701e-004
7.47750270270262e+004	3.34507047069128e-008,-1.82893389399356e-004
7.48751261261253e+004	3.32141518883216e-008,-1.82245559935200e-004
7.49752252252244e+004	3.29802931111590e-008,-1.81602836789585e-004
7.50753243243235e+004	3.27490863901378e-008,-1.80965158368643e-004
7.51754234234226e+004	3.25204905657156e-008,-1.80332464069905e-004
7.52755225225217e+004	3.22944652845463e-008,-1.79704694262421e-004
7.53756216216208e+004	3.20709709804726e-008,-1.79081790267349e-004
7.54757207207199e+004	3.18499688560413e-008,-1.78463694339008e-004
7.55758198198190e+004	3.16314208645241e-008,-1.77850349646386e-004
7.56759189189181e+004	3.14152896924305e-008,-1.77241700255082e-004
7.57760180180172e+004	3.12015387424952e-008,-1.76637691109676e-004
7.58761171171163e+004	3.09901321171259e-008,-1.76038268016512e-004
7.59762162162154e+004	3.07810346022985e-008,-1.75443377626888e-004
7.60763153153145e+004	3.05742116518843e-008,-1.74852967420633e-004
7.61764144144136e+004	3.03696293723962e-008,-1.74266985690069e-004
7.62765135135127e+004	3.01672545081422e-008,-1.73685381524342e-004
7.63766126126118e+004	2.99670544267729e-008,-1.73108104794118e-004
7.64767117117109e+004	2.97689971052111e-008,-1.72535106136626e-004
7.65768108108100e+004	2.95730511159521e-008,-1.71966336941043e-004
7.66769099099091e+004	2.93791856137239e-008,-1.71401749334221e-004
7.67770090090082e+004	2.91873703224956e-008,-1.70841296166724e-004
7.68771081081073e+004	2.89975755228248e-008,-1.70284930999194e-004
7.69772072072064e+004	2.88097720395328e-008,-1.69732608089013e-004
7.70773063063055e+004	2.86239312296990e-008,-1.69184282377276e-004
7.71774054054046e+004	2.84400249709635e-008,-1.68639909476045e-004
7.72775045045037e+004	2.82580256501311e-008,-1.68099445655894e-004
7.73776036036028e+004	2.80779061520653e-008,-1.67562847833726e-004
7.74777027027019e+004	2.78996398488660e-008,-1.67030073560863e-004
7.75778018018010e+004	2.77232005893215e-008,-1.66501081011397e-004
7.76779009009001e+004	2.75485626886268e-008,-1.65975828970795e-004
7.77779999999992e+004	2.73757009183616e-008,-1.65454276824758e-004
7.78780990990983e+004	2.72045904967190e-008,-1.64936384548316e-004
7.79781981981974e+004	2.70352070789788e-008,-1.64422112695169e-004
7.80782972972965e+004	2.68675267482180e-008,-1.63911422387249e-004
7.81783963963956e+004	2.67015260062522e-008,-1.63404275304514e-004
7.82784954954947e+004	2.65371817648004e-008,-1.62900633674958e-004
7.83785945945938e+004	2.63744713368684e-008,-1.62400460264835e-004
7.84786936936929e+004	2.62133724283424e-008,-1.61903718369096e-004
7.85787927927920e+004	2.60538631297896e-008,-1.61410371802021e-004
7.86788918918910e+004	2.58959219084579e-008,-1.60920384888056e-004
7.87789909909901e+004	2.57395276004705e-008,-1.60433722452842e-004
7.88790900900892e+004	2.55846594032082e-008,-1.59950349814434e-004
7.89791891891883e+004	2.54312968678773e-008,-1.59470232774697e-004
7.90792882882874e+004	2.52794198922543e-008,-1.58993337610892e-004
7.91793873873865e+004	2.51290087136056e-008,-1.58519631067430e-004
7.92794864864856e+004	2.49800439017755e-008,-1.58049080347800e-004
7.93795855855847e+004	2.48325063524391e-008,-1.57581653106661e-004
7.94796846846838e+004	2.46863772805143e-008,-1.57117317442102e-004
7.95797837837829e+004	2.45416382137305e-008,-1.56656041888058e-004
7.96798828828820e+004	2.43982709863478e-008,-1.56197795406876e-004
7.97799819819811e+004	2.42562577330239e-008,-1.55742547382044e-004
7.98800810810802e+004	2.41155808828241e-008,-1.55290267611058e-004
7.99801801801793e+004	2.39762231533712e-008,-1.54840926298437e-004
8.00802792792784e+004	2.38381675451310e-008,-1.54394494048881e-004
8.01803783783775e+004	2.37013973358303e-008,-1.53950941860560e-004
8.02804774774766e+004	2.35658960750027e-008,-1.53510241118549e-004
8.03805765765757e+004	2.34316475786614e-008,-1.53072363588380e-004
8.04806756756748e+004	2.32986359240923e-008,-1.52637281409736e-004
8.05807747747739e+004	2.31668454447670e-008,-1.52204967090257e-004
8.06808738738730e+004	2.30362607253714e-008,-1.51775393499484e-004
8.07809729729721e+004	2.29068665969467e-008,-1.51348533862907e-004
8.08810720720712e+004	2.27786481321405e-008,-1.50924361756137e-004
8.09811711711703e+004	2.26515906405650e-008,-1.50502851099198e-004
8.10812702702694e+004	2.25256796642588e-008,-1.50083976150919e-004
8.11813693693685e+004	2.24009009732513e-008,-1.49667711503441e-004
8.12814684684676e+004	2.22772405612250e-008,-1.49254032076833e-004
8.13815675675667e+004	2.21546846412749e-008,-1.48842913113809e-004
8.14816666666658e+004	2.20332196417614e-008,-1.48434330174544e-004
8.15817657657649e+004	2.19128322022555e-008,-1.48028259131594e-004
8.16818648648640e+004	2.17935091695726e-008,-1.47624676164917e-004
8.17819639639631e+004	2.16752375938937e-008,-1.47223557756977e-004
8.18820630630622e+004	2.15580047249712e-008,-1.46824880687951e-004
8.19821621621613e+004	2.14417980084179e-008,-1.46428622031027e-004
8.20822612612604e+004	2.13266050820763e-008,-1.46034759147785e-004
8.21823603603595e+004	2.12124137724663e-008,-1.45643269683668e-004
8.22824594594586e+004	2.10992120913107e-008,-1.45254131563543e-004
8.23825585585577e+004	2.09869882321340e-008,-1.44867322987333e-004
8.24826576576568e+004	2.08757305669357e-008,-1.44482822425745e-004
8.25827567567559e+004	2.07654276429336e-008,-1.44100608616069e-004
8.26828558558550e+004	2.06560681793774e-008,-1.43720660558051e-004
8.27829549549541e+004	2.05476410644295e-008,-1.43342957509858e-004
8.28830540540532e+004	2.04401353521120e-008,-1.42967478984100e-004
8.29831531531522e+004	2.03335402593190e-008,-1.42594204743933e-004
8.30832522522513e+004	2.02278451628902e-008,-1.42223114799237e-004
8.31833513513504e+004	2.01230395967478e-008,-1.41854189402858e-004
8.32834504504495e+004	2.00191132490920e-008,-1.41487409046917e-004
8.33835495495486e+004	1.99160559596557e-008,-1.41122754459196e-004
8.34836486486477e+004	1.98138577170162e-008,-1.40760206599578e-004
8.35837477477468e+004	1.97125086559626e-008,-1.40399746656557e-004
8.36838468468459e+004	1.96119990549174e-008,-1.40041356043810e-004
8.37839459459450e+004	1.95123193334119e-008,-1.39685016396834e-004
8.38840450450441e+004	1.94134600496132e-008,-1.39330709569633e-004
8.39841441441432e+004	1.93154118979014e-008,-1.38978417631478e-004
8.40842432432423e+004	1.92181657064970e-008,-1.38628122863711e-004
8.41843423423414e+004	1.91217124351365e-008,-1.38279807756618e-004
8.42844414414405e+004	1.90260431727948e-008,-1.37933455006348e-004
8.43845405405396e+004	1.89311491354544e-008,-1.37589047511888e-004
8.44846396396387e+004	1.88370216639187e-008,-1.37246568372100e-004
8.45847387387378e+004	1.87436522216705e-008,-1.36906000882795e-004
8.46848378378369e+004	1.86510323927724e-008,-1.36567328533870e-004
8.47849369369360e+004	1.85591538798100e-008,-1.36230535006491e-004
8.48850360360351e+004	1.84680085018758e-008,-1.35895604170324e-004
8.49851351351342e+004	1.83775881925929e-008,-1.35562520080816e-004
8.50852342342333e+004	1.82878849981789e-008,-1.35231266976519e-004
8.51853333333324e+004	1.81988910755467e-008,-1.34901829276467e-004
8.52854324324315e+004	1.81105986904444e-008,-1.34574191577590e-004
8.53855315315306e+004	1.80230002156300e-008,-1.34248338652180e-004
8.54856306306297e+004	1.79360881290836e-008,-1.33924255445395e-004
8.55857297297288e+004	1.78498550122529e-008,-1.33601927072804e-004
8.56858288288279e+004	1.77642935483348e-008,-1.33281338817982e-004
8.57859279279270e+004	1.76793965205885e-008,-1.32962476130139e-004
8.58860270270261e+004	1.75951568106826e-008,-1.32645324621788e-004
8.59861261261252e+004	1.75115673970737e-008,-1.32329870066458e-004
8.60862252252243e+004	1.74286213534161e-008,-1.32016098396438e-004
8.61863243243234e+004	1.73463118470026e-008,-1.31703995700569e-004
8.62864234234225e+004	1.72646321372344e-008,-1.31393548222063e-004
8.63865225225216e+004	1.71835755741211e-008,-1.31084742356361e-004
8.64866216216207e+004	1.71031355968088e-008,-1.30777564649032e-004
8.65867207207198e+004	1.70233057321360e-008,-1.30472001793699e-004
8.66868198198189e+004	1.69440795932176e-008,-1.30168040630004e-004
8.67869189189180e+004	1.68654508780545e-008,-1.29865668141605e-004
8.68870180180171e+004	1.67874133681710e-008,-1.29564871454207e-004
8.69871171171162e+004	1.67099609272761e-008,-1.29265637833626e-004
8.70872162162153e+004	1.66330874999514e-008,-1.28967954683877e-004
8.71873153153144e+004	1.65567871103622e-008,-1.28671809545307e-004
8.72874144144134e+004	1.64810538609938e-008,-1.28377190092746e-004
8.73875135135125e+004	1.64058819314106e-008,-1.28084084133692e-004
8.74876126126116e+004	1.63312655770382e-008,-1.27792479606529e-004
8.75877117117107e+004	1.62571991279683e-008,-1.27502364578769e-004
8.76878108108098e+004	1.61836769877859e-008,-1.27213727245324e-004
8.77879099099089e+004	1.61106936324170e-008,-1.26926555926804e-004
8.78880090090080e+004	1.60382436089987e-008,-1.26640839067846e-004
8.79881081081071e+004	1.59663215347691e-008,-1.26356565235466e-004
8.80882072072062e+004	1.58949220959780e-008,-1.26073723117440e-004
8.81883063063053e+004	1.58240400468170e-008,-1.25792301520709e-004
8.82884054054044e+004	1.57536702083692e-008,-1.25512289369806e-004
8.83885045045035e+004	1.56838074675779e-008,-1.25233675705318e-004
8.84886036036026e+004	1.56144467762340e-008,-1.24956449682358e-004
8.85887027027017e+004	1.55455831499812e-008,-1.24680600569074e-004
8.86888018018008e+004	1.54772116673401e-008,-1.24406117745175e-004
8.87889009008999e+004	1.54093274687482e-008,-1.24132990700478e-004
8.88889999999990e+004	1.53419257556184e-008,-1.23861209033484e-004
8.89890990990981e+004	1.52750017894139e-008,-1.23590762449970e-004
8.90891981981972e+004	1.52085508907391e-008,-1.23321640761606e-004
8.91892972972963e+004	1.51425684384469e-008,-1.23053833884593e-004
8.92893963963954e+004	1.50770498687620e-008,-1.22787331838324e-004
8.93894954954945e+004	1.50119906744196e-008,-1.22522124744058e-004
8.94895945945936e+004	1.49473864038186e-008,-1.22258202823626e-004
8.95896936936927e+004	1.48832326601906e-008,-1.21995556398144e-004
8.96897927927918e+004	1.48195251007825e-008,-1.21734175886758e-004
8.97898918918909e+004	1.47562594360545e-008,-1.21474051805398e-004
8.98899909909900e+004	1.46934314288908e-008,-1.21215174765558e-004
8.99900900900891e+004	1.46310368938249e-008,-1.20957535473089e-004
9.00901891891882e+004	1.45690716962779e-008,-1.20701124727015e-004
9.01902882882873e+004	1.45075317518099e-008,-1.20445933418362e-004
9.02903873873864e+004	1.44464130253848e-008,-1.20191952529010e-004
9.03904864864855e+004	1.43857115306472e-008,-1.19939173130558e-004
9.04905855855846e+004	1.43254233292117e-008,-1.19687586383208e-004
9.05906846846837e+004	1.42655445299648e-008,-1.19437183534663e-004
9.06907837837828e+004	1.42060712883783e-008,-1.19187955919047e-004
9.07908828828819e+004	1.41469998058343e-008,-1.18939894955835e-004
9.08909819819810e+004	1.40883263289624e-008,-1.18692992148800e-004
9.09910810810801e+004	1.40300471489869e-008,-1.18447239084980e-004
9.10911801801792e+004	1.39721586010861e-008,-1.18202627433656e-004
9.11912792792783e+004	1.39146570637620e-008,-1.17959148945344e-004
9.12913783783774e+004	1.38575389582201e-008,-1.17716795450808e-004
9.13914774774765e+004	1.38008007477608e-008,-1.17475558860078e-004
9.14915765765756e+004	1.37444389371795e-008,-1.17235431161491e-004
9.15916756756746e+004	1.36884500721778e-008,-1.16996404420743e-004
9.16917747747737e+004	1.36328307387841e-008,-1.16758470779952e-004
9.17918738738728e+004	1.35775775627839e-008,-1.16521622456738e-004
9.18919729729719e+004	1.35226872091592e-008,-1.16285851743316e-004
9.19920720720710e+004	1.34681563815375e-008,-1.16051151005599e-004
9.20921711711701e+004	1.34139818216500e-008,-1.15817512682318e-004
9.21922702702692e+004	1.33601603087984e-008,-1.15584929284152e-004
9.22923693693683e+004	1.33066886593303e-008,-1.15353393392872e-004
9.23924684684674e+004	1.32535637261238e-008,-1.15122897660496e-004
9.24925675675665e+004	1.32007823980798e-008,-1.14893434808453e-004
9.25926666666656e+004	1.31483415996230e-008,-1.14664997626770e-004
9.26927657657647e+004	1.30962382902109e-008,-1.14437578973255e-004
9.27928648648638e+004	1.30444694638507e-008,-1.14211171772704e-004
9.28929639639629e+004	1.29930321486242e-008,-1.13985769016112e-004
9.29930630630620e+004	1.29419234062198e-008,-1.13761363759901e-004
9.30931621621611e+004	1.28911403314728e-008,-1.13537949125151e-004
9.31932612612602e+004	1.28406800519125e-008,-1.13315518296850e-004
9.32933603603593e+004	1.27905397273168e-008,-1.13094064523148e-004
9.33934594594584e+004	1.27407165492740e-008,-1.12873581114626e-004
9.34935585585575e+004	1.26912077407510e-008,-1.12654061443575e-004
9.35936576576566e+004	1.26420105556693e-008,-1.12435498943277e-004
9.36937567567557e+004	1.25931222784868e-008,-1.12217887107310e-004
9.37938558558548e+004	1.25445402237871e-008,-1.12001219488848e-004
9.38939549549539e+004	1.24962617358741e-008,-1.11785489699984e-004
9.39940540540530e+004	1.24482841883746e-008,-1.11570691411049e-004
9.40941531531521e+004	1.24006049838454e-008,-1.11356818349954e-004
9.41942522522512e+004	1.23532215533877e-008,-1.11143864301529e-004
9.42943513513503e+004	1.23061313562676e-008,-1.10931823106877e-004
9.43944504504494e+004	1.22593318795415e-008,-1.10720688662740e-004
9.44945495495485e+004	1.22128206376883e-008,-1.10510454920864e-004
9.45946486486476e+004	1.21665951722471e-008,-1.10301115887382e-004
9.46947477477467e+004	1.21206530514599e-008,-1.10092665622199e-004
9.47948468468458e+004	1.20749918699208e-008,-1.09885098238391e-004
9.48949459459449e+004	1.20296092482301e-008,-1.09678407901607e-004
9.49950450450440e+004	1.19845028326535e-008,-1.09472588829480e-004
9.50951441441431e+004	1.19396702947866e-008,-1.09267635291048e-004
9.51952432432422e+004	1.18951093312253e-008,-1.09063541606184e-004
9.52953423423413e+004	1.18508176632401e-008,-1.08860302145025e-004
9.53954414414404e+004	1.18067930364563e-008,-1.08657911327423e-004
9.54955405405395e+004	1.17630332205383e-008,-1.08456363622388e-004
9.55956396396386e+004	1.17195360088795e-008,-1.08255653547550e-004
9.56957387387377e+004	1.16762992182961e-008,-1.08055775668622e-004
9.57958378378367e+004	1.16333206887259e-008,-1.07856724598870e-004
9.58959369369358e+004	1.15905982829320e-008,-1.07658494998596e-004
9.59960360360349e+004	1.15481298862100e-008,-1.07461081574620e-004
9.60961351351340e+004	1.15059134061010e-008,-1.07264479079774e-004
9.61962342342331e+004	1.14639467721071e-008,-1.07068682312399e-004
9.62963333333322e+004	1.14222279354130e-008,-1.06873686115854e-004
9.63964324324313e+004	1.13807548686101e-008,-1.06679485378023e-004
9.64965315315304e+004	1.13395255654264e-008,-1.06486075030839e-004
9.65966306306295e+004	1.12985380404586e-008,-1.06293450049803e-004
9.66967297297286e+004	1.12577903289095e-008,-1.06101605453518e-004
9.67968288288277e+004	1.12172804863288e-008,-1.05910536303227e-004
9.68969279279268e+004	1.11770065883580e-008,-1.05720237702350e-004
9.69970270270259e+004	1.11369667304782e-008,-1.05530704796039e-004
9.70971261261250e+004	1.10971590277628e-008,-1.05341932770729e-004
9.71972252252241e+004	1.10575816146330e-008,-1.05153916853698e-004
9.72973243243232e+004	1.10182326446171e-008,-1.04966652312635e-004
9.73974234234223e+004	1.09791102901135e-008,-1.04780134455208e-004
9.74975225225214e+004	1.09402127421567e-008,-1.04594358628642e-004
9.75976216216205e+004	1.09015382101873e-008,-1.04409320219304e-004
9.76977207207196e+004	1.08630849218247e-008,-1.04225014652286e-004
9.77978198198187e+004	1.08248511226438e-008,-1.04041437391000e-004
9.78979189189178e+004	1.07868350759539e-008,-1.03858583936773e-004
9.79980180180169e+004	1.07490350625820e-008,-1.03676449828457e-004
9.80981171171160e+004	1.07114493806584e-008,-1.03495030642026e-004
9.81982162162151e+004	1.06740763454056e-008,-1.03314321990198e-004
9.82983153153142e+004	1.06369142889301e-008,-1.03134319522048e-004
9.83984144144133e+004	1.05999615600173e-008,-1.02955018922632e-004
9.84985135135124e+004	1.05632165239296e-008,-1.02776415912612e-004
9.85986126126115e+004	1.05266775622068e-008,-1.02598506247889e-004
9.86987117117106e+004	1.04903430724697e-008,-1.02421285719241e-004
9.87988108108097e+004	1.04542114682262e-008,-1.02244750151961e-004
9.88989099099088e+004	1.04182811786807e-008,-1.02068895405502e-004
9.89990090090079e+004	1.03825506485455e-008,-1.01893717373129e-004
9.90991081081070e+004	1.03470183378553e-008,-1.01719211981573e-004
9.91992072072061e+004	1.03116827217843e-008,-1.01545375190684e-004
9.92993063063052e+004	1.02765422904655e-008,-1.01372202993100e-004
9.93994054054043e+004	1.02415955488127e-008,-1.01199691413909e-004
9.94995045045034e+004	1.02068410163455e-008,-1.01027836510322e-004
9.95996036036025e+004	1.01722772270159e-008,-1.00856634371345e-004
9.96997027027016e+004	1.01379027290378e-008,-1.00686081117461e-004
9.97998018018007e+004	1.01037160847186e-008,-1.00516172900308e-004
9.98999009008998e+004	1.00697158702937e-008,-1.00346905902370e-004
1.00000000000000e+005	1.00359006757621e-008,-1.00178276336660e-004
